

[(5,[0,1,2,3,4],[0.0,1.0,3.0,0.0,1.0]),1.0,0.0]
[(5,[0,1,2,3,4],[0.0,1.0,1.0,1.0,0.0]),1.0,0.0]
[(5,[0,1,2,3,4],[0.0,0.0,0.0,0.0,1.0]),0.0,0.0]
[(5,[0,1,2,3,4],[0.0,1.0,0.0,0.0,1.0]),0.0,0.0]
[(5,[0,1,2,3,4],[0.0,0.0,0.0,0.0,0.0]),0.0,0.0]
[(5,[0,1,2,3,4],[0.0,0.0,0.0,0.0,1.0]),0.0,0.0]
[(5,[0,1,2,3,4],[0.0,0.0,0.0,0.0,0.0]),1.0,0.0]
[(5,[0,1,2,3,4],[0.0,1.0,0.0,0.0,0.0]),0.0,0.0]
[(5,[0,1,2,3,4],[0.0,1.0,1.0,0.0,0.0]),0.0,0.0]
[(5,[0,1,2,3,4],[0.0,1.0,2.0,0.0,1.0]),1.0,0.0]
[(5,[0,1,2,3,4],[0.0,0.0,0.0,0.0,0.0]),0.0,0.0]
[(5,[0,1,2,3,4],[0.0,1.0,0.0,0.0,0.0]),0.0,0.0]
[(5,[0,1,2,3,4],[0.0,1.0,2.0,0.0,1.0]),0.0,0.0]
[(5,[0,1,2,3,4],[0.0,0.0,1.0,0.0,1.0]),1.0,0.0]
[(5,[0,1,2,3,4],[0.0,0.0,2.0,0.0,1.0]),1.0,0.0]
[(5,[0,1,2,3,4],[0.0,0.0,3.0,0.0,1.0]),0.0,0.0]
[(5,[0,1,2,3,4],[0.0,1.0,3.0,0.0,1.0]),1.0,0.0]
[(5,[0,1,2,3,4],[0.0,0.0,0.0,0.0,0.0]),0.0,0.0]
[(5,[0,1,2,3,4],[0.0,0.0,3.0,0.0,0.0]),1.0,0.0]
[(5,[0,1,2,3,4],[0.0,1.0,3.0,0.0,1.0]),0.0,0.0]
[(5,[0,1,2,3,4],[0.0,1.0,0.0,1.0,0.0]),1.0,0.0]
[(5,[0,1,2,3,4],[0.0,1.0,0.0,0.0,0.0]),0.0,0.0]
[(5,[0,1,2,3,4],[0.0,1.0,1.0,0.0,0.0]),1.0,0.0]
[(5,[0,1,2,3,4],[0.0,1.0,1.0,0.0,0.0]),1.0,0.0]
[(5,[0,1,2,3,4],[0.0,1.0,3.0,0.0,1.0]),0.0,0.0]
[(5,[0,1,2,3,4],[0.0,1.0,0.0,0.0,0.0]),0.0,0.0]
[(5,[0,1,2,3,4],[0.0,0.0,2.0,0.0,1.0]),1.0,0.0]
[(5,[0,1,2,3,4],[0.0,0.0,3.0,1.0,1.0]),1.0,0.0]
[(5,[0,1,2,3,4],[0.0,1.0,3.0,0.0,0.0]),0.0,0.0]
[(5,[0,1,2,3,4],[0.0,1.0,1.0,0.0,0.0]),0.0,0.0]
[(5,[0,1,2,3,4],[0.0,0.0,2.0,0.0,1.0]),1.0,0.0]
[(5,[0,1,2,3,4],[0.0,0.0,2.0,0.0,1.0]),0.0,0.0]
[(5,[0,1,2,3,4],[0.0,0.0,3.0,1.0,0.0]),0.0,0.0]
[(5,[0,1,2,3,4],[0.0,1.0,0.0,0.0,0.0]),0.0,0.0]
[(5,[0,1,2,3,4],[0.0,1.0,3.0,0.0,0.0]),1.0,0.0]
[(5,[0,1,2,3,4],[0.0,1.0,1.0,0.0,0.0]),0.0,0.0]
[(5,[0,1,2,3,4],[0.0,1.0,0.0,1.0,1.0]),0.0,0.0]
[(5,[0,1,2,3,4],[0.0,1.0,1.0,0.0,1.0]),0.0,0.0]
[(5,[0,1,2,3,4],[0.0,0.0,1.0,0.0,0.0]),0.0,0.0]
[(5,[0,1,2,3,4],[0.0,0.0,1.0,0.0,1.0]),0.0,0.0]
[(5,[0,1,2,3,4],[0.0,1.0,2.0,1.0,1.0]),0.0,0.0]
[(5,[0,1,2,3,4],[0.0,1.0,3.0,0.0,0.0]),0.0,0.0]
[(5,[0,1,2,3,4],[0.0,0.0,1.0,0.0,1.0]),1.0,0.0]
[(5,[0,1,2,3,4],[0.0,1.0,2.0,0.0,0.0]),0.0,0.0]
[(5,[0,1,2,3,4],[0.0,0.0,0.0,0.0,1.0]),1.0,0.0]
[(5,[0,1,2,3,4],[0.0,0.0,2.0,1.0,0.0]),1.0,0.0]
[(5,[0,1,2,3,4],[0.0,1.0,2.0,0.0,1.0]),1.0,0.0]
[(5,[0,1,2,3,4],[0.0,0.0,3.0,0.0,1.0]),0.0,0.0]
[(5,[0,1,2,3,4],[0.0,1.0,3.0,0.0,1.0]),1.0,0.0]
[(5,[0,1,2,3,4],[0.0,0.0,3.0,1.0,1.0]),0.0,0.0]
[(5,[0,1,2,3,4],[0.0,1.0,2.0,0.0,1.0]),0.0,0.0]
[(5,[0,1,2,3,4],[0.0,1.0,0.0,0.0,0.0]),0.0,0.0]
[(5,[0,1,2,3,4],[0.0,1.0,0.0,0.0,0.0]),0.0,0.0]
[(5,[0,1,2,3,4],[0.0,0.0,0.0,0.0,0.0]),0.0,0.0]
[(5,[0,1,2,3,4],[0.0,0.0,1.0,1.0,1.0]),0.0,0.0]
[(5,[0,1,2,3,4],[0.0,1.0,2.0,0.0,1.0]),1.0,0.0]
[(5,[0,1,2,3,4],[0.0,1.0,0.0,0.0,0.0]),1.0,0.0]
[(5,[0,1,2,3,4],[0.0,1.0,0.0,0.0,0.0]),1.0,0.0]
[(5,[0,1,2,3,4],[0.0,0.0,2.0,0.0,1.0]),1.0,0.0]
[(5,[0,1,2,3,4],[0.0,0.0,3.0,0.0,1.0]),0.0,0.0]
[(5,[0,1,2,3,4],[0.0,0.0,2.0,0.0,1.0]),0.0,0.0]
[(5,[0,1,2,3,4],[0.0,1.0,0.0,0.0,0.0]),0.0,0.0]
[(5,[0,1,2,3,4],[0.0,1.0,2.0,0.0,0.0]),0.0,0.0]
[(5,[0,1,2,3,4],[0.0,0.0,0.0,0.0,1.0]),0.0,0.0]
[(5,[0,1,2,3,4],[0.0,1.0,1.0,0.0,0.0]),1.0,0.0]
[(5,[0,1,2,3,4],[0.0,1.0,0.0,0.0,0.0]),0.0,0.0]
[(5,[0,1,2,3,4],[0.0,0.0,3.0,0.0,1.0]),0.0,0.0]
[(5,[0,1,2,3,4],[0.0,1.0,2.0,0.0,0.0]),1.0,0.0]
[(5,[0,1,2,3,4],[0.0,0.0,1.0,0.0,0.0]),0.0,0.0]
[(5,[0,1,2,3,4],[0.0,1.0,0.0,0.0,1.0]),0.0,0.0]
[(5,[0,1,2,3,4],[0.0,0.0,2.0,1.0,1.0]),1.0,0.0]
[(5,[0,1,2,3,4],[0.0,1.0,3.0,0.0,1.0]),0.0,0.0]
[(5,[0,1,2,3,4],[0.0,1.0,0.0,1.0,1.0]),0.0,0.0]
[(5,[0,1,2,3,4],[0.0,1.0,3.0,0.0,1.0]),0.0,0.0]
[(5,[0,1,2,3,4],[0.0,0.0,1.0,0.0,0.0]),0.0,0.0]
[(5,[0,1,2,3,4],[0.0,0.0,2.0,0.0,0.0]),0.0,0.0]
[(5,[0,1,2,3,4],[0.0,0.0,3.0,0.0,0.0]),1.0,0.0]
[(5,[0,1,2,3,4],[0.0,1.0,3.0,0.0,1.0]),0.0,0.0]
[(5,[0,1,2,3,4],[0.0,0.0,2.0,0.0,0.0]),1.0,0.0]
[(5,[0,1,2,3,4],[0.0,0.0,0.0,0.0,0.0]),0.0,0.0]
[(5,[0,1,2,3,4],[0.0,1.0,1.0,0.0,0.0]),1.0,0.0]
[(5,[0,1,2,3,4],[0.0,0.0,2.0,0.0,1.0]),0.0,0.0]
[(5,[0,1,2,3,4],[0.0,0.0,0.0,0.0,0.0]),0.0,0.0]
[(5,[0,1,2,3,4],[0.0,0.0,3.0,0.0,0.0]),0.0,0.0]
[(5,[0,1,2,3,4],[0.0,1.0,2.0,0.0,1.0]),1.0,0.0]
[(5,[0,1,2,3,4],[0.0,1.0,3.0,0.0,0.0]),0.0,0.0]
[(5,[0,1,2,3,4],[0.0,1.0,2.0,0.0,0.0]),0.0,0.0]
[(5,[0,1,2,3,4],[0.0,0.0,1.0,0.0,0.0]),0.0,0.0]
[(5,[0,1,2,3,4],[0.0,1.0,1.0,0.0,0.0]),1.0,0.0]
[(5,[0,1,2,3,4],[0.0,0.0,0.0,0.0,1.0]),0.0,0.0]
[(5,[0,1,2,3,4],[0.0,1.0,2.0,0.0,0.0]),1.0,0.0]
[(5,[0,1,2,3,4],[0.0,0.0,0.0,0.0,1.0]),0.0,0.0]
[(5,[0,1,2,3,4],[0.0,1.0,2.0,0.0,1.0]),0.0,0.0]
[(5,[0,1,2,3,4],[0.0,1.0,2.0,0.0,0.0]),0.0,0.0]
[(5,[0,1,2,3,4],[0.0,1.0,2.0,0.0,1.0]),0.0,0.0]
[(5,[0,1,2,3,4],[0.0,0.0,0.0,0.0,0.0]),1.0,0.0]
[(5,[0,1,2,3,4],[0.0,0.0,0.0,0.0,1.0]),1.0,0.0]
[(5,[0,1,2,3,4],[0.0,1.0,2.0,0.0,0.0]),0.0,0.0]
[(5,[0,1,2,3,4],[0.0,0.0,2.0,0.0,0.0]),1.0,0.0]
[(5,[0,1,2,3,4],[0.0,1.0,3.0,0.0,0.0]),0.0,0.0]
[(5,[0,1,2,3,4],[0.0,1.0,2.0,0.0,0.0]),1.0,0.0]
[(5,[0,1,2,3,4],[0.0,0.0,0.0,0.0,1.0]),0.0,0.0]
[(5,[0,1,2,3,4],[0.0,1.0,0.0,0.0,0.0]),1.0,0.0]
[(5,[0,1,2,3,4],[0.0,1.0,2.0,0.0,0.0]),0.0,0.0]
[(5,[0,1,2,3,4],[0.0,1.0,0.0,0.0,0.0]),0.0,0.0]
[(5,[0,1,2,3,4],[0.0,1.0,0.0,0.0,1.0]),1.0,0.0]
[(5,[0,1,2,3,4],[0.0,0.0,0.0,1.0,1.0]),0.0,0.0]
[(5,[0,1,2,3,4],[0.0,0.0,1.0,0.0,1.0]),1.0,0.0]
[(5,[0,1,2,3,4],[0.0,1.0,2.0,1.0,0.0]),0.0,0.0]
[(5,[0,1,2,3,4],[0.0,0.0,0.0,0.0,0.0]),1.0,0.0]
[(5,[0,1,2,3,4],[0.0,1.0,2.0,0.0,1.0]),0.0,0.0]
[(5,[0,1,2,3,4],[0.0,1.0,1.0,0.0,0.0]),1.0,0.0]
[(5,[0,1,2,3,4],[0.0,1.0,1.0,0.0,1.0]),0.0,0.0]
[(5,[0,1,2,3,4],[0.0,0.0,3.0,0.0,0.0]),1.0,0.0]
[(5,[0,1,2,3,4],[0.0,1.0,1.0,0.0,1.0]),1.0,0.0]
[(5,[0,1,2,3,4],[0.0,1.0,1.0,0.0,1.0]),1.0,0.0]
[(5,[0,1,2,3,4],[0.0,1.0,2.0,0.0,1.0]),1.0,0.0]
[(5,[0,1,2,3,4],[0.0,1.0,3.0,0.0,0.0]),0.0,0.0]
[(5,[0,1,2,3,4],[0.0,0.0,2.0,0.0,0.0]),0.0,0.0]
[(5,[0,1,2,3,4],[0.0,0.0,3.0,0.0,1.0]),0.0,0.0]
[(5,[0,1,2,3,4],[0.0,1.0,2.0,1.0,0.0]),0.0,0.0]
[(5,[0,1,2,3,4],[0.0,0.0,0.0,0.0,0.0]),0.0,0.0]
[(5,[0,1,2,3,4],[0.0,1.0,3.0,0.0,1.0]),0.0,0.0]
[(5,[0,1,2,3,4],[0.0,0.0,3.0,0.0,0.0]),1.0,0.0]
[(5,[0,1,2,3,4],[0.0,0.0,0.0,0.0,0.0]),0.0,0.0]
[(5,[0,1,2,3,4],[0.0,1.0,3.0,1.0,1.0]),0.0,0.0]
[(5,[0,1,2,3,4],[0.0,0.0,2.0,0.0,1.0]),0.0,0.0]
[(5,[0,1,2,3,4],[0.0,1.0,1.0,0.0,1.0]),1.0,0.0]
[(5,[0,1,2,3,4],[0.0,1.0,3.0,0.0,0.0]),0.0,0.0]
[(5,[0,1,2,3,4],[0.0,1.0,1.0,0.0,1.0]),1.0,0.0]
[(5,[0,1,2,3,4],[0.0,0.0,3.0,0.0,1.0]),1.0,0.0]
[(5,[0,1,2,3,4],[0.0,1.0,0.0,0.0,1.0]),0.0,0.0]
[(5,[0,1,2,3,4],[0.0,0.0,0.0,0.0,0.0]),0.0,0.0]
[(5,[0,1,2,3,4],[0.0,0.0,1.0,0.0,1.0]),0.0,0.0]
[(5,[0,1,2,3,4],[0.0,0.0,1.0,0.0,1.0]),1.0,0.0]
[(5,[0,1,2,3,4],[0.0,0.0,2.0,0.0,1.0]),0.0,0.0]
[(5,[0,1,2,3,4],[0.0,1.0,2.0,0.0,1.0]),0.0,0.0]
[(5,[0,1,2,3,4],[0.0,0.0,1.0,0.0,1.0]),0.0,0.0]
[(5,[0,1,2,3,4],[0.0,1.0,0.0,0.0,1.0]),0.0,0.0]
[(5,[0,1,2,3,4],[0.0,1.0,0.0,1.0,1.0]),1.0,0.0]
[(5,[0,1,2,3,4],[0.0,1.0,1.0,0.0,0.0]),1.0,0.0]
[(5,[0,1,2,3,4],[0.0,0.0,1.0,0.0,0.0]),1.0,0.0]
[(5,[0,1,2,3,4],[0.0,1.0,1.0,0.0,1.0]),0.0,0.0]
[(5,[0,1,2,3,4],[0.0,0.0,1.0,0.0,1.0]),1.0,0.0]
[(5,[0,1,2,3,4],[0.0,0.0,0.0,0.0,0.0]),1.0,0.0]
[(5,[0,1,2,3,4],[0.0,0.0,0.0,1.0,1.0]),0.0,0.0]
[(5,[0,1,2,3,4],[0.0,0.0,1.0,0.0,1.0]),0.0,0.0]
[(5,[0,1,2,3,4],[0.0,1.0,3.0,0.0,0.0]),1.0,0.0]
[(5,[0,1,2,3,4],[0.0,0.0,0.0,1.0,0.0]),0.0,0.0]
[(5,[0,1,2,3,4],[0.0,1.0,3.0,0.0,1.0]),1.0,0.0]
[(5,[0,1,2,3,4],[0.0,0.0,0.0,0.0,1.0]),0.0,0.0]
[(5,[0,1,2,3,4],[0.0,0.0,0.0,0.0,0.0]),1.0,0.0]
[(5,[0,1,2,3,4],[0.0,1.0,1.0,0.0,0.0]),0.0,0.0]
[(5,[0,1,2,3,4],[0.0,0.0,2.0,0.0,1.0]),0.0,0.0]
[(5,[0,1,2,3,4],[0.0,0.0,0.0,0.0,0.0]),1.0,0.0]
[(5,[0,1,2,3,4],[0.0,1.0,2.0,1.0,0.0]),0.0,0.0]
[(5,[0,1,2,3,4],[0.0,1.0,2.0,0.0,1.0]),1.0,0.0]
[(5,[0,1,2,3,4],[0.0,0.0,3.0,0.0,1.0]),0.0,0.0]
[(5,[0,1,2,3,4],[0.0,1.0,0.0,0.0,0.0]),1.0,0.0]
[(5,[0,1,2,3,4],[0.0,0.0,2.0,0.0,1.0]),0.0,0.0]
[(5,[0,1,2,3,4],[0.0,0.0,0.0,0.0,0.0]),0.0,0.0]
[(5,[0,1,2,3,4],[0.0,1.0,2.0,0.0,1.0]),0.0,0.0]
[(5,[0,1,2,3,4],[0.0,1.0,0.0,0.0,0.0]),0.0,0.0]
[(5,[0,1,2,3,4],[0.0,0.0,2.0,0.0,1.0]),0.0,0.0]
[(5,[0,1,2,3,4],[0.0,1.0,3.0,0.0,0.0]),1.0,0.0]
[(5,[0,1,2,3,4],[0.0,1.0,0.0,0.0,0.0]),0.0,0.0]
[(5,[0,1,2,3,4],[0.0,0.0,3.0,1.0,0.0]),1.0,0.0]
[(5,[0,1,2,3,4],[0.0,0.0,2.0,0.0,1.0]),1.0,0.0]
[(5,[0,1,2,3,4],[0.0,1.0,2.0,0.0,1.0]),0.0,0.0]
[(5,[0,1,2,3,4],[0.0,0.0,3.0,0.0,1.0]),1.0,0.0]
[(5,[0,1,2,3,4],[0.0,1.0,1.0,0.0,0.0]),1.0,0.0]
[(5,[0,1,2,3,4],[0.0,0.0,3.0,0.0,0.0]),1.0,0.0]
[(5,[0,1,2,3,4],[0.0,0.0,0.0,0.0,1.0]),0.0,0.0]
[(5,[0,1,2,3,4],[0.0,0.0,3.0,1.0,0.0]),0.0,0.0]
[(5,[0,1,2,3,4],[0.0,0.0,2.0,1.0,1.0]),1.0,0.0]
[(5,[0,1,2,3,4],[0.0,1.0,0.0,0.0,0.0]),1.0,0.0]
[(5,[0,1,2,3,4],[0.0,1.0,3.0,0.0,1.0]),1.0,0.0]
[(5,[0,1,2,3,4],[0.0,0.0,2.0,0.0,0.0]),0.0,0.0]
[(5,[0,1,2,3,4],[0.0,1.0,3.0,0.0,0.0]),0.0,0.0]
[(5,[0,1,2,3,4],[0.0,0.0,3.0,0.0,0.0]),0.0,0.0]
[(5,[0,1,2,3,4],[0.0,1.0,1.0,0.0,0.0]),1.0,0.0]
[(5,[0,1,2,3,4],[0.0,1.0,2.0,0.0,1.0]),0.0,0.0]
[(5,[0,1,2,3,4],[0.0,0.0,1.0,0.0,0.0]),1.0,0.0]
[(5,[0,1,2,3,4],[0.0,1.0,0.0,0.0,1.0]),0.0,0.0]
[(5,[0,1,2,3,4],[0.0,0.0,2.0,0.0,0.0]),1.0,0.0]
[(5,[0,1,2,3,4],[0.0,1.0,0.0,0.0,0.0]),1.0,0.0]
[(5,[0,1,2,3,4],[0.0,1.0,0.0,0.0,0.0]),0.0,0.0]
[(5,[0,1,2,3,4],[0.0,0.0,0.0,0.0,1.0]),1.0,0.0]
[(5,[0,1,2,3,4],[0.0,1.0,2.0,0.0,1.0]),0.0,0.0]
[(5,[0,1,2,3,4],[0.0,1.0,3.0,0.0,1.0]),1.0,0.0]
[(5,[0,1,2,3,4],[0.0,1.0,1.0,0.0,1.0]),1.0,0.0]
[(5,[0,1,2,3,4],[0.0,1.0,0.0,0.0,1.0]),0.0,0.0]
[(5,[0,1,2,3,4],[0.0,1.0,3.0,0.0,0.0]),0.0,0.0]
[(5,[0,1,2,3,4],[0.0,1.0,0.0,0.0,1.0]),0.0,0.0]
[(5,[0,1,2,3,4],[0.0,1.0,2.0,0.0,0.0]),0.0,0.0]
[(5,[0,1,2,3,4],[0.0,0.0,2.0,0.0,0.0]),0.0,0.0]
[(5,[0,1,2,3,4],[0.0,1.0,3.0,0.0,0.0]),0.0,0.0]
[(5,[0,1,2,3,4],[0.0,0.0,3.0,0.0,0.0]),0.0,0.0]
[(5,[0,1,2,3,4],[0.0,0.0,1.0,0.0,1.0]),0.0,0.0]
[(5,[0,1,2,3,4],[0.0,0.0,3.0,0.0,1.0]),1.0,0.0]
[(5,[0,1,2,3,4],[0.0,0.0,3.0,0.0,0.0]),1.0,0.0]
[(5,[0,1,2,3,4],[0.0,1.0,2.0,0.0,0.0]),1.0,0.0]
[(5,[0,1,2,3,4],[0.0,1.0,3.0,0.0,0.0]),1.0,0.0]
[(5,[0,1,2,3,4],[0.0,1.0,0.0,1.0,1.0]),0.0,0.0]
[(5,[0,1,2,3,4],[0.0,1.0,2.0,0.0,0.0]),1.0,0.0]
[(5,[0,1,2,3,4],[0.0,0.0,0.0,0.0,0.0]),0.0,0.0]
[(5,[0,1,2,3,4],[0.0,1.0,1.0,0.0,1.0]),0.0,0.0]
[(5,[0,1,2,3,4],[0.0,1.0,3.0,0.0,0.0]),0.0,0.0]
[(5,[0,1,2,3,4],[0.0,1.0,3.0,1.0,0.0]),0.0,0.0]
[(5,[0,1,2,3,4],[0.0,0.0,2.0,0.0,1.0]),0.0,0.0]
[(5,[0,1,2,3,4],[0.0,0.0,3.0,0.0,1.0]),0.0,0.0]
[(5,[0,1,2,3,4],[0.0,0.0,1.0,0.0,1.0]),0.0,0.0]
[(5,[0,1,2,3,4],[0.0,0.0,3.0,1.0,0.0]),1.0,0.0]
[(5,[0,1,2,3,4],[0.0,1.0,2.0,0.0,0.0]),1.0,0.0]
[(5,[0,1,2,3,4],[0.0,0.0,3.0,1.0,0.0]),0.0,0.0]
[(5,[0,1,2,3,4],[0.0,1.0,2.0,0.0,0.0]),0.0,0.0]
[(5,[0,1,2,3,4],[0.0,0.0,0.0,0.0,1.0]),0.0,0.0]
[(5,[0,1,2,3,4],[0.0,0.0,3.0,0.0,1.0]),1.0,0.0]
[(5,[0,1,2,3,4],[0.0,1.0,1.0,1.0,1.0]),1.0,0.0]
[(5,[0,1,2,3,4],[0.0,1.0,0.0,0.0,0.0]),0.0,0.0]
[(5,[0,1,2,3,4],[0.0,0.0,1.0,0.0,1.0]),0.0,0.0]
[(5,[0,1,2,3,4],[0.0,0.0,2.0,0.0,1.0]),0.0,0.0]
[(5,[0,1,2,3,4],[0.0,0.0,0.0,0.0,0.0]),1.0,0.0]
[(5,[0,1,2,3,4],[0.0,0.0,3.0,0.0,0.0]),1.0,0.0]
[(5,[0,1,2,3,4],[0.0,1.0,1.0,0.0,1.0]),0.0,0.0]
[(5,[0,1,2,3,4],[0.0,1.0,0.0,0.0,1.0]),0.0,0.0]
[(5,[0,1,2,3,4],[0.0,0.0,3.0,0.0,0.0]),1.0,0.0]
[(5,[0,1,2,3,4],[0.0,1.0,2.0,0.0,0.0]),0.0,0.0]
[(5,[0,1,2,3,4],[0.0,0.0,3.0,0.0,0.0]),1.0,0.0]
[(5,[0,1,2,3,4],[0.0,0.0,0.0,0.0,1.0]),0.0,0.0]
[(5,[0,1,2,3,4],[0.0,0.0,2.0,0.0,0.0]),0.0,0.0]
[(5,[0,1,2,3,4],[0.0,1.0,2.0,1.0,0.0]),1.0,0.0]
[(5,[0,1,2,3,4],[0.0,0.0,3.0,0.0,1.0]),0.0,0.0]
[(5,[0,1,2,3,4],[0.0,1.0,3.0,0.0,1.0]),0.0,0.0]
[(5,[0,1,2,3,4],[0.0,0.0,2.0,0.0,0.0]),1.0,0.0]
[(5,[0,1,2,3,4],[0.0,1.0,1.0,0.0,1.0]),0.0,0.0]
[(5,[0,1,2,3,4],[0.0,1.0,2.0,0.0,0.0]),1.0,0.0]
[(5,[0,1,2,3,4],[0.0,0.0,1.0,0.0,1.0]),1.0,0.0]
[(5,[0,1,2,3,4],[0.0,1.0,1.0,0.0,0.0]),0.0,0.0]
[(5,[0,1,2,3,4],[0.0,0.0,2.0,0.0,1.0]),0.0,0.0]
[(5,[0,1,2,3,4],[0.0,1.0,2.0,0.0,1.0]),1.0,0.0]
[(5,[0,1,2,3,4],[0.0,0.0,2.0,0.0,0.0]),0.0,0.0]
[(5,[0,1,2,3,4],[0.0,1.0,3.0,0.0,1.0]),1.0,0.0]
[(5,[0,1,2,3,4],[0.0,1.0,0.0,1.0,0.0]),1.0,0.0]
[(5,[0,1,2,3,4],[0.0,1.0,2.0,0.0,0.0]),0.0,0.0]
[(5,[0,1,2,3,4],[0.0,1.0,3.0,0.0,0.0]),1.0,0.0]
[(5,[0,1,2,3,4],[0.0,0.0,2.0,0.0,0.0]),1.0,0.0]
[(5,[0,1,2,3,4],[0.0,0.0,3.0,0.0,1.0]),0.0,0.0]
[(5,[0,1,2,3,4],[0.0,0.0,3.0,0.0,0.0]),0.0,0.0]
[(5,[0,1,2,3,4],[0.0,0.0,1.0,0.0,0.0]),1.0,0.0]
[(5,[0,1,2,3,4],[0.0,0.0,2.0,0.0,1.0]),0.0,0.0]
[(5,[0,1,2,3,4],[0.0,1.0,1.0,1.0,0.0]),1.0,0.0]
[(5,[0,1,2,3,4],[0.0,1.0,0.0,0.0,0.0]),0.0,0.0]
[(5,[0,1,2,3,4],[0.0,0.0,2.0,0.0,1.0]),0.0,0.0]
[(5,[0,1,2,3,4],[0.0,0.0,2.0,0.0,1.0]),0.0,0.0]
[(5,[0,1,2,3,4],[0.0,1.0,0.0,0.0,0.0]),0.0,0.0]
[(5,[0,1,2,3,4],[0.0,0.0,1.0,1.0,0.0]),0.0,0.0]
[(5,[0,1,2,3,4],[0.0,0.0,0.0,0.0,0.0]),1.0,0.0]
[(5,[0,1,2,3,4],[0.0,1.0,2.0,0.0,1.0]),1.0,0.0]
[(5,[0,1,2,3,4],[0.0,0.0,0.0,0.0,0.0]),0.0,0.0]
[(5,[0,1,2,3,4],[0.0,0.0,0.0,0.0,0.0]),1.0,0.0]
[(5,[0,1,2,3,4],[0.0,1.0,1.0,0.0,1.0]),0.0,0.0]
[(5,[0,1,2,3,4],[0.0,1.0,1.0,0.0,0.0]),0.0,0.0]
[(5,[0,1,2,3,4],[0.0,1.0,0.0,0.0,1.0]),0.0,0.0]
[(5,[0,1,2,3,4],[0.0,1.0,3.0,0.0,0.0]),0.0,0.0]
[(5,[0,1,2,3,4],[0.0,1.0,1.0,0.0,0.0]),1.0,0.0]
[(5,[0,1,2,3,4],[0.0,1.0,2.0,1.0,0.0]),0.0,0.0]
[(5,[0,1,2,3,4],[0.0,0.0,1.0,0.0,1.0]),0.0,0.0]
[(5,[0,1,2,3,4],[0.0,0.0,3.0,0.0,0.0]),0.0,0.0]
[(5,[0,1,2,3,4],[0.0,0.0,2.0,0.0,0.0]),0.0,0.0]
[(5,[0,1,2,3,4],[0.0,1.0,3.0,0.0,0.0]),1.0,0.0]
[(5,[0,1,2,3,4],[0.0,1.0,1.0,0.0,1.0]),0.0,0.0]
[(5,[0,1,2,3,4],[0.0,0.0,0.0,0.0,1.0]),0.0,0.0]
[(5,[0,1,2,3,4],[0.0,1.0,1.0,0.0,1.0]),0.0,0.0]
[(5,[0,1,2,3,4],[0.0,1.0,2.0,1.0,0.0]),1.0,0.0]
[(5,[0,1,2,3,4],[0.0,1.0,0.0,0.0,1.0]),0.0,0.0]
[(5,[0,1,2,3,4],[0.0,1.0,1.0,0.0,0.0]),0.0,0.0]
[(5,[0,1,2,3,4],[0.0,1.0,1.0,1.0,1.0]),0.0,0.0]
[(5,[0,1,2,3,4],[0.0,0.0,2.0,0.0,1.0]),1.0,0.0]
[(5,[0,1,2,3,4],[0.0,0.0,3.0,0.0,1.0]),0.0,0.0]
[(5,[0,1,2,3,4],[0.0,1.0,3.0,0.0,1.0]),0.0,0.0]
[(5,[0,1,2,3,4],[0.0,0.0,3.0,0.0,1.0]),0.0,0.0]
[(5,[0,1,2,3,4],[0.0,0.0,2.0,0.0,0.0]),1.0,0.0]
[(5,[0,1,2,3,4],[0.0,0.0,3.0,0.0,1.0]),0.0,0.0]
[(5,[0,1,2,3,4],[0.0,1.0,3.0,0.0,0.0]),0.0,0.0]
[(5,[0,1,2,3,4],[0.0,1.0,2.0,0.0,0.0]),1.0,0.0]
[(5,[0,1,2,3,4],[0.0,1.0,1.0,0.0,0.0]),1.0,0.0]
[(5,[0,1,2,3,4],[0.0,0.0,0.0,0.0,0.0]),0.0,0.0]
[(5,[0,1,2,3,4],[0.0,0.0,2.0,1.0,0.0]),1.0,0.0]
[(5,[0,1,2,3,4],[0.0,0.0,3.0,0.0,1.0]),1.0,0.0]
[(5,[0,1,2,3,4],[0.0,1.0,0.0,0.0,0.0]),0.0,0.0]
[(5,[0,1,2,3,4],[0.0,0.0,2.0,0.0,1.0]),0.0,0.0]
[(5,[0,1,2,3,4],[0.0,1.0,0.0,1.0,0.0]),1.0,0.0]
[(5,[0,1,2,3,4],[0.0,0.0,2.0,0.0,1.0]),0.0,0.0]
[(5,[0,1,2,3,4],[0.0,1.0,0.0,0.0,0.0]),0.0,0.0]
[(5,[0,1,2,3,4],[0.0,1.0,1.0,0.0,0.0]),1.0,0.0]
[(5,[0,1,2,3,4],[0.0,1.0,2.0,0.0,1.0]),1.0,0.0]
[(5,[0,1,2,3,4],[0.0,0.0,1.0,0.0,0.0]),1.0,0.0]
[(5,[0,1,2,3,4],[0.0,0.0,2.0,0.0,1.0]),1.0,0.0]
[(5,[0,1,2,3,4],[0.0,0.0,2.0,0.0,0.0]),1.0,0.0]
[(5,[0,1,2,3,4],[0.0,0.0,1.0,0.0,0.0]),0.0,0.0]
[(5,[0,1,2,3,4],[0.0,0.0,2.0,0.0,0.0]),1.0,0.0]
[(5,[0,1,2,3,4],[0.0,1.0,3.0,0.0,0.0]),0.0,0.0]
[(5,[0,1,2,3,4],[0.0,1.0,2.0,0.0,1.0]),0.0,0.0]
[(5,[0,1,2,3,4],[0.0,0.0,3.0,0.0,1.0]),0.0,0.0]
[(5,[0,1,2,3,4],[0.0,1.0,1.0,0.0,0.0]),0.0,0.0]
[(5,[0,1,2,3,4],[0.0,0.0,0.0,0.0,0.0]),1.0,0.0]
[(5,[0,1,2,3,4],[0.0,1.0,2.0,0.0,1.0]),1.0,0.0]
[(5,[0,1,2,3,4],[0.0,1.0,2.0,0.0,1.0]),0.0,0.0]
[(5,[0,1,2,3,4],[0.0,0.0,2.0,0.0,1.0]),0.0,0.0]
[(5,[0,1,2,3,4],[0.0,1.0,1.0,0.0,1.0]),0.0,0.0]
[(5,[0,1,2,3,4],[0.0,1.0,1.0,0.0,0.0]),1.0,0.0]
[(5,[0,1,2,3,4],[0.0,0.0,0.0,1.0,1.0]),0.0,0.0]
[(5,[0,1,2,3,4],[0.0,0.0,1.0,0.0,0.0]),1.0,0.0]
[(5,[0,1,2,3,4],[0.0,1.0,0.0,0.0,1.0]),1.0,0.0]
[(5,[0,1,2,3,4],[0.0,1.0,2.0,0.0,1.0]),1.0,0.0]
[(5,[0,1,2,3,4],[0.0,1.0,3.0,0.0,0.0]),0.0,0.0]
[(5,[0,1,2,3,4],[0.0,0.0,3.0,0.0,1.0]),0.0,0.0]
[(5,[0,1,2,3,4],[0.0,1.0,1.0,0.0,0.0]),1.0,0.0]
[(5,[0,1,2,3,4],[0.0,1.0,1.0,0.0,0.0]),0.0,0.0]
[(5,[0,1,2,3,4],[0.0,1.0,1.0,0.0,0.0]),0.0,0.0]
[(5,[0,1,2,3,4],[0.0,1.0,3.0,0.0,0.0]),1.0,0.0]
[(5,[0,1,2,3,4],[0.0,0.0,2.0,0.0,1.0]),0.0,0.0]
[(5,[0,1,2,3,4],[0.0,0.0,2.0,0.0,1.0]),0.0,0.0]
[(5,[0,1,2,3,4],[0.0,1.0,3.0,0.0,0.0]),0.0,0.0]
[(5,[0,1,2,3,4],[0.0,1.0,0.0,0.0,1.0]),1.0,0.0]
[(5,[0,1,2,3,4],[0.0,0.0,0.0,0.0,1.0]),0.0,0.0]
[(5,[0,1,2,3,4],[0.0,1.0,3.0,1.0,1.0]),1.0,0.0]
[(5,[0,1,2,3,4],[0.0,1.0,0.0,0.0,0.0]),1.0,0.0]
[(5,[0,1,2,3,4],[0.0,1.0,0.0,1.0,0.0]),1.0,0.0]
[(5,[0,1,2,3,4],[0.0,1.0,2.0,0.0,1.0]),1.0,0.0]
[(5,[0,1,2,3,4],[0.0,0.0,0.0,1.0,0.0]),1.0,0.0]
[(5,[0,1,2,3,4],[0.0,1.0,1.0,1.0,1.0]),1.0,0.0]
[(5,[0,1,2,3,4],[0.0,0.0,0.0,1.0,1.0]),1.0,0.0]
[(5,[0,1,2,3,4],[0.0,0.0,1.0,1.0,1.0]),0.0,0.0]
[(5,[0,1,2,3,4],[0.0,0.0,2.0,0.0,1.0]),0.0,0.0]
[(5,[0,1,2,3,4],[0.0,1.0,3.0,0.0,0.0]),0.0,0.0]
[(5,[0,1,2,3,4],[0.0,0.0,0.0,0.0,0.0]),0.0,0.0]
[(5,[0,1,2,3,4],[0.0,0.0,0.0,0.0,0.0]),1.0,0.0]
[(5,[0,1,2,3,4],[0.0,0.0,0.0,0.0,0.0]),1.0,0.0]
[(5,[0,1,2,3,4],[0.0,1.0,2.0,0.0,1.0]),0.0,0.0]
[(5,[0,1,2,3,4],[0.0,1.0,1.0,1.0,1.0]),1.0,0.0]
[(5,[0,1,2,3,4],[0.0,0.0,0.0,0.0,1.0]),0.0,0.0]
[(5,[0,1,2,3,4],[0.0,1.0,1.0,0.0,1.0]),0.0,0.0]
[(5,[0,1,2,3,4],[0.0,0.0,1.0,1.0,1.0]),0.0,0.0]
[(5,[0,1,2,3,4],[0.0,0.0,3.0,0.0,1.0]),1.0,0.0]
[(5,[0,1,2,3,4],[0.0,1.0,1.0,0.0,0.0]),0.0,0.0]
[(5,[0,1,2,3,4],[0.0,0.0,3.0,0.0,1.0]),1.0,0.0]
[(5,[0,1,2,3,4],[0.0,1.0,0.0,0.0,1.0]),0.0,0.0]
[(5,[0,1,2,3,4],[0.0,1.0,0.0,0.0,1.0]),0.0,0.0]
[(5,[0,1,2,3,4],[0.0,0.0,3.0,0.0,0.0]),0.0,0.0]
[(5,[0,1,2,3,4],[0.0,0.0,2.0,0.0,0.0]),1.0,0.0]
[(5,[0,1,2,3,4],[0.0,0.0,2.0,0.0,0.0]),1.0,0.0]
[(5,[0,1,2,3,4],[0.0,0.0,3.0,1.0,1.0]),0.0,0.0]
[(5,[0,1,2,3,4],[0.0,0.0,3.0,0.0,1.0]),1.0,0.0]
[(5,[0,1,2,3,4],[0.0,1.0,2.0,0.0,0.0]),0.0,0.0]
[(5,[0,1,2,3,4],[0.0,0.0,3.0,0.0,0.0]),0.0,0.0]
[(5,[0,1,2,3,4],[0.0,1.0,3.0,0.0,1.0]),1.0,0.0]
[(5,[0,1,2,3,4],[0.0,1.0,0.0,0.0,1.0]),0.0,0.0]
[(5,[0,1,2,3,4],[0.0,0.0,0.0,0.0,1.0]),0.0,0.0]
[(5,[0,1,2,3,4],[0.0,1.0,1.0,0.0,0.0]),0.0,0.0]
[(5,[0,1,2,3,4],[0.0,1.0,0.0,0.0,0.0]),1.0,0.0]
[(5,[0,1,2,3,4],[0.0,0.0,2.0,0.0,0.0]),0.0,0.0]
[(5,[0,1,2,3,4],[0.0,0.0,3.0,0.0,1.0]),0.0,0.0]
[(5,[0,1,2,3,4],[0.0,0.0,2.0,0.0,0.0]),0.0,0.0]
[(5,[0,1,2,3,4],[0.0,0.0,0.0,0.0,0.0]),0.0,0.0]
[(5,[0,1,2,3,4],[0.0,1.0,1.0,1.0,0.0]),0.0,0.0]
[(5,[0,1,2,3,4],[0.0,0.0,1.0,0.0,0.0]),0.0,0.0]
[(5,[0,1,2,3,4],[0.0,0.0,1.0,0.0,1.0]),0.0,0.0]
[(5,[0,1,2,3,4],[0.0,1.0,3.0,0.0,0.0]),1.0,0.0]
[(5,[0,1,2,3,4],[0.0,1.0,3.0,0.0,1.0]),0.0,0.0]
[(5,[0,1,2,3,4],[0.0,0.0,2.0,0.0,0.0]),1.0,0.0]
[(5,[0,1,2,3,4],[0.0,1.0,3.0,0.0,0.0]),0.0,0.0]
[(5,[0,1,2,3,4],[0.0,0.0,0.0,0.0,1.0]),0.0,0.0]
[(5,[0,1,2,3,4],[0.0,0.0,0.0,0.0,1.0]),0.0,0.0]
[(5,[0,1,2,3,4],[0.0,0.0,3.0,0.0,0.0]),0.0,0.0]
[(5,[0,1,2,3,4],[0.0,0.0,3.0,0.0,1.0]),0.0,0.0]
[(5,[0,1,2,3,4],[0.0,1.0,0.0,1.0,0.0]),1.0,0.0]
[(5,[0,1,2,3,4],[0.0,0.0,2.0,0.0,0.0]),0.0,0.0]
[(5,[0,1,2,3,4],[0.0,0.0,1.0,0.0,1.0]),1.0,0.0]
[(5,[0,1,2,3,4],[0.0,1.0,2.0,0.0,0.0]),1.0,0.0]
[(5,[0,1,2,3,4],[0.0,1.0,0.0,0.0,1.0]),1.0,0.0]
[(5,[0,1,2,3,4],[0.0,0.0,0.0,0.0,1.0]),0.0,0.0]
[(5,[0,1,2,3,4],[0.0,1.0,2.0,1.0,1.0]),0.0,0.0]
[(5,[0,1,2,3,4],[0.0,1.0,2.0,0.0,1.0]),1.0,0.0]
[(5,[0,1,2,3,4],[0.0,1.0,3.0,0.0,0.0]),1.0,0.0]
[(5,[0,1,2,3,4],[0.0,1.0,0.0,0.0,1.0]),0.0,0.0]
[(5,[0,1,2,3,4],[0.0,0.0,0.0,0.0,1.0]),1.0,0.0]
[(5,[0,1,2,3,4],[0.0,1.0,3.0,1.0,0.0]),0.0,0.0]
[(5,[0,1,2,3,4],[0.0,0.0,3.0,0.0,1.0]),1.0,0.0]
[(5,[0,1,2,3,4],[0.0,0.0,2.0,0.0,0.0]),0.0,0.0]
[(5,[0,1,2,3,4],[0.0,0.0,0.0,0.0,1.0]),0.0,0.0]
[(5,[0,1,2,3,4],[0.0,1.0,2.0,1.0,0.0]),1.0,0.0]
[(5,[0,1,2,3,4],[0.0,1.0,0.0,0.0,1.0]),0.0,0.0]
[(5,[0,1,2,3,4],[0.0,0.0,2.0,1.0,0.0]),0.0,0.0]
[(5,[0,1,2,3,4],[0.0,0.0,1.0,0.0,0.0]),1.0,0.0]
[(5,[0,1,2,3,4],[0.0,1.0,3.0,0.0,0.0]),1.0,0.0]
[(5,[0,1,2,3,4],[0.0,1.0,0.0,0.0,1.0]),1.0,0.0]
[(5,[0,1,2,3,4],[0.0,1.0,3.0,1.0,0.0]),0.0,0.0]
[(5,[0,1,2,3,4],[0.0,0.0,1.0,0.0,0.0]),1.0,0.0]
[(5,[0,1,2,3,4],[0.0,1.0,3.0,1.0,0.0]),1.0,0.0]
[(5,[0,1,2,3,4],[0.0,0.0,0.0,0.0,0.0]),1.0,0.0]
[(5,[0,1,2,3,4],[0.0,1.0,0.0,0.0,0.0]),0.0,0.0]
[(5,[0,1,2,3,4],[0.0,0.0,2.0,0.0,0.0]),0.0,0.0]
[(5,[0,1,2,3,4],[0.0,1.0,2.0,0.0,0.0]),0.0,0.0]
[(5,[0,1,2,3,4],[0.0,0.0,3.0,0.0,0.0]),0.0,0.0]
[(5,[0,1,2,3,4],[0.0,1.0,0.0,0.0,1.0]),1.0,0.0]
[(5,[0,1,2,3,4],[0.0,0.0,0.0,0.0,0.0]),0.0,0.0]
[(5,[0,1,2,3,4],[0.0,1.0,3.0,0.0,0.0]),0.0,0.0]
[(5,[0,1,2,3,4],[0.0,0.0,3.0,0.0,0.0]),0.0,0.0]
[(5,[0,1,2,3,4],[0.0,0.0,0.0,0.0,1.0]),0.0,0.0]
[(5,[0,1,2,3,4],[0.0,1.0,2.0,0.0,1.0]),0.0,0.0]
[(5,[0,1,2,3,4],[0.0,1.0,0.0,0.0,1.0]),0.0,0.0]
[(5,[0,1,2,3,4],[0.0,1.0,0.0,0.0,0.0]),1.0,0.0]
[(5,[0,1,2,3,4],[0.0,0.0,3.0,0.0,1.0]),1.0,0.0]
[(5,[0,1,2,3,4],[0.0,1.0,0.0,0.0,0.0]),1.0,0.0]
[(5,[0,1,2,3,4],[0.0,0.0,3.0,0.0,0.0]),0.0,0.0]
[(5,[0,1,2,3,4],[0.0,0.0,0.0,0.0,1.0]),0.0,0.0]
[(5,[0,1,2,3,4],[0.0,1.0,0.0,0.0,0.0]),0.0,0.0]
[(5,[0,1,2,3,4],[0.0,0.0,2.0,0.0,1.0]),0.0,0.0]
[(5,[0,1,2,3,4],[0.0,0.0,0.0,0.0,1.0]),0.0,0.0]
[(5,[0,1,2,3,4],[0.0,0.0,0.0,0.0,1.0]),0.0,0.0]
[(5,[0,1,2,3,4],[0.0,1.0,1.0,0.0,1.0]),1.0,0.0]
[(5,[0,1,2,3,4],[0.0,0.0,2.0,0.0,1.0]),1.0,0.0]
[(5,[0,1,2,3,4],[0.0,1.0,2.0,0.0,1.0]),0.0,0.0]
[(5,[0,1,2,3,4],[0.0,1.0,2.0,0.0,0.0]),1.0,0.0]
[(5,[0,1,2,3,4],[0.0,0.0,1.0,0.0,0.0]),1.0,0.0]
[(5,[0,1,2,3,4],[0.0,1.0,2.0,0.0,0.0]),0.0,0.0]
[(5,[0,1,2,3,4],[0.0,0.0,0.0,0.0,0.0]),1.0,0.0]
[(5,[0,1,2,3,4],[0.0,1.0,3.0,0.0,0.0]),0.0,0.0]
[(5,[0,1,2,3,4],[0.0,0.0,2.0,1.0,1.0]),0.0,0.0]
[(5,[0,1,2,3,4],[0.0,1.0,1.0,0.0,1.0]),0.0,0.0]
[(5,[0,1,2,3,4],[0.0,0.0,1.0,0.0,1.0]),0.0,0.0]
[(5,[0,1,2,3,4],[0.0,1.0,0.0,0.0,0.0]),0.0,0.0]
[(5,[0,1,2,3,4],[0.0,0.0,3.0,0.0,1.0]),0.0,0.0]
[(5,[0,1,2,3,4],[0.0,0.0,0.0,0.0,1.0]),0.0,0.0]
[(5,[0,1,2,3,4],[0.0,1.0,0.0,0.0,0.0]),0.0,0.0]
[(5,[0,1,2,3,4],[0.0,0.0,3.0,0.0,1.0]),1.0,0.0]
[(5,[0,1,2,3,4],[0.0,0.0,2.0,1.0,0.0]),1.0,0.0]
[(5,[0,1,2,3,4],[0.0,1.0,0.0,0.0,0.0]),0.0,0.0]
[(5,[0,1,2,3,4],[0.0,0.0,2.0,0.0,0.0]),0.0,0.0]
[(5,[0,1,2,3,4],[0.0,0.0,1.0,0.0,1.0]),0.0,0.0]
[(5,[0,1,2,3,4],[0.0,0.0,3.0,0.0,1.0]),0.0,0.0]
[(5,[0,1,2,3,4],[0.0,1.0,2.0,0.0,0.0]),0.0,0.0]
[(5,[0,1,2,3,4],[0.0,0.0,0.0,0.0,1.0]),1.0,0.0]
[(5,[0,1,2,3,4],[0.0,0.0,1.0,0.0,1.0]),0.0,0.0]
[(5,[0,1,2,3,4],[0.0,1.0,3.0,0.0,0.0]),0.0,0.0]
[(5,[0,1,2,3,4],[0.0,1.0,0.0,0.0,1.0]),1.0,0.0]
[(5,[0,1,2,3,4],[0.0,1.0,1.0,0.0,1.0]),0.0,0.0]
[(5,[0,1,2,3,4],[0.0,0.0,1.0,0.0,1.0]),1.0,0.0]
[(5,[0,1,2,3,4],[0.0,0.0,3.0,0.0,0.0]),0.0,0.0]
[(5,[0,1,2,3,4],[0.0,1.0,1.0,0.0,1.0]),0.0,0.0]
[(5,[0,1,2,3,4],[0.0,0.0,0.0,0.0,0.0]),0.0,0.0]
[(5,[0,1,2,3,4],[0.0,1.0,2.0,0.0,0.0]),0.0,0.0]
[(5,[0,1,2,3,4],[0.0,0.0,1.0,0.0,1.0]),0.0,0.0]
[(5,[0,1,2,3,4],[0.0,1.0,3.0,0.0,1.0]),0.0,0.0]
[(5,[0,1,2,3,4],[0.0,1.0,1.0,0.0,1.0]),0.0,0.0]
[(5,[0,1,2,3,4],[0.0,1.0,0.0,0.0,1.0]),0.0,0.0]
[(5,[0,1,2,3,4],[0.0,0.0,2.0,0.0,0.0]),0.0,0.0]
[(5,[0,1,2,3,4],[0.0,1.0,2.0,0.0,1.0]),0.0,0.0]
[(5,[0,1,2,3,4],[0.0,0.0,0.0,0.0,1.0]),0.0,0.0]
[(5,[0,1,2,3,4],[0.0,0.0,1.0,0.0,1.0]),0.0,0.0]
[(5,[0,1,2,3,4],[0.0,0.0,1.0,0.0,1.0]),0.0,0.0]
[(5,[0,1,2,3,4],[0.0,1.0,3.0,0.0,0.0]),1.0,0.0]
[(5,[0,1,2,3,4],[0.0,1.0,3.0,0.0,1.0]),1.0,0.0]
[(5,[0,1,2,3,4],[0.0,1.0,2.0,0.0,1.0]),0.0,0.0]
[(5,[0,1,2,3,4],[0.0,0.0,2.0,0.0,1.0]),0.0,0.0]
[(5,[0,1,2,3,4],[0.0,0.0,0.0,0.0,1.0]),0.0,0.0]
[(5,[0,1,2,3,4],[0.0,0.0,0.0,0.0,0.0]),1.0,0.0]
[(5,[0,1,2,3,4],[0.0,1.0,1.0,0.0,1.0]),0.0,0.0]
[(5,[0,1,2,3,4],[0.0,0.0,1.0,0.0,1.0]),1.0,0.0]
[(5,[0,1,2,3,4],[0.0,1.0,3.0,0.0,0.0]),0.0,0.0]
[(5,[0,1,2,3,4],[0.0,1.0,1.0,0.0,0.0]),1.0,0.0]
[(5,[0,1,2,3,4],[0.0,1.0,3.0,0.0,1.0]),0.0,0.0]
[(5,[0,1,2,3,4],[0.0,0.0,1.0,0.0,0.0]),1.0,0.0]
[(5,[0,1,2,3,4],[0.0,1.0,1.0,0.0,0.0]),1.0,0.0]
[(5,[0,1,2,3,4],[0.0,1.0,0.0,0.0,0.0]),0.0,0.0]
[(5,[0,1,2,3,4],[0.0,1.0,3.0,0.0,1.0]),1.0,0.0]
[(5,[0,1,2,3,4],[0.0,0.0,0.0,0.0,1.0]),0.0,0.0]
[(5,[0,1,2,3,4],[0.0,0.0,1.0,1.0,0.0]),1.0,0.0]
[(5,[0,1,2,3,4],[0.0,1.0,1.0,0.0,0.0]),1.0,0.0]
[(5,[0,1,2,3,4],[0.0,1.0,3.0,0.0,0.0]),0.0,0.0]
[(5,[0,1,2,3,4],[0.0,1.0,1.0,1.0,1.0]),0.0,0.0]
[(5,[0,1,2,3,4],[0.0,0.0,3.0,0.0,0.0]),0.0,0.0]
[(5,[0,1,2,3,4],[0.0,1.0,2.0,0.0,0.0]),1.0,0.0]
[(5,[0,1,2,3,4],[0.0,1.0,3.0,0.0,0.0]),0.0,0.0]
[(5,[0,1,2,3,4],[0.0,1.0,2.0,0.0,0.0]),0.0,0.0]
[(5,[0,1,2,3,4],[0.0,1.0,2.0,0.0,1.0]),1.0,0.0]
[(5,[0,1,2,3,4],[0.0,0.0,1.0,0.0,1.0]),0.0,0.0]
[(5,[0,1,2,3,4],[0.0,0.0,2.0,0.0,1.0]),0.0,0.0]
[(5,[0,1,2,3,4],[0.0,1.0,1.0,0.0,0.0]),1.0,0.0]
[(5,[0,1,2,3,4],[0.0,0.0,0.0,1.0,0.0]),0.0,0.0]
[(5,[0,1,2,3,4],[0.0,1.0,1.0,0.0,1.0]),1.0,0.0]
[(5,[0,1,2,3,4],[0.0,0.0,2.0,0.0,1.0]),0.0,0.0]
[(5,[0,1,2,3,4],[0.0,1.0,3.0,0.0,0.0]),0.0,0.0]
[(5,[0,1,2,3,4],[0.0,0.0,2.0,1.0,1.0]),0.0,0.0]
[(5,[0,1,2,3,4],[0.0,1.0,0.0,0.0,0.0]),1.0,0.0]
[(5,[0,1,2,3,4],[0.0,1.0,0.0,0.0,1.0]),1.0,0.0]
[(5,[0,1,2,3,4],[0.0,1.0,0.0,0.0,1.0]),1.0,0.0]
[(5,[0,1,2,3,4],[0.0,0.0,1.0,0.0,0.0]),1.0,0.0]
[(5,[0,1,2,3,4],[0.0,1.0,2.0,0.0,0.0]),0.0,0.0]
[(5,[0,1,2,3,4],[0.0,0.0,3.0,0.0,0.0]),1.0,0.0]
[(5,[0,1,2,3,4],[0.0,0.0,1.0,1.0,1.0]),1.0,0.0]
[(5,[0,1,2,3,4],[0.0,1.0,0.0,0.0,1.0]),1.0,0.0]
[(5,[0,1,2,3,4],[0.0,1.0,3.0,0.0,0.0]),0.0,0.0]
[(5,[0,1,2,3,4],[0.0,0.0,1.0,0.0,1.0]),0.0,0.0]
[(5,[0,1,2,3,4],[0.0,0.0,2.0,0.0,0.0]),0.0,0.0]
[(5,[0,1,2,3,4],[0.0,1.0,0.0,0.0,1.0]),1.0,0.0]
[(5,[0,1,2,3,4],[0.0,1.0,2.0,0.0,1.0]),1.0,0.0]
[(5,[0,1,2,3,4],[0.0,1.0,0.0,0.0,0.0]),0.0,0.0]
[(5,[0,1,2,3,4],[0.0,1.0,0.0,0.0,0.0]),0.0,0.0]
[(5,[0,1,2,3,4],[0.0,1.0,1.0,0.0,1.0]),0.0,0.0]
[(5,[0,1,2,3,4],[0.0,1.0,2.0,0.0,1.0]),0.0,0.0]
[(5,[0,1,2,3,4],[0.0,0.0,0.0,1.0,1.0]),0.0,0.0]
[(5,[0,1,2,3,4],[0.0,0.0,3.0,0.0,0.0]),0.0,0.0]
[(5,[0,1,2,3,4],[0.0,0.0,1.0,0.0,0.0]),0.0,0.0]
[(5,[0,1,2,3,4],[0.0,1.0,0.0,0.0,1.0]),1.0,0.0]
[(5,[0,1,2,3,4],[0.0,0.0,2.0,0.0,0.0]),1.0,0.0]
[(5,[0,1,2,3,4],[0.0,0.0,0.0,0.0,0.0]),1.0,0.0]
[(5,[0,1,2,3,4],[0.0,0.0,0.0,0.0,0.0]),1.0,0.0]
[(5,[0,1,2,3,4],[0.0,0.0,2.0,0.0,0.0]),0.0,0.0]
[(5,[0,1,2,3,4],[0.0,0.0,0.0,0.0,1.0]),1.0,0.0]
[(5,[0,1,2,3,4],[0.0,0.0,2.0,0.0,0.0]),0.0,0.0]
[(5,[0,1,2,3,4],[0.0,0.0,1.0,0.0,0.0]),1.0,0.0]
[(5,[0,1,2,3,4],[0.0,0.0,3.0,0.0,0.0]),0.0,0.0]
[(5,[0,1,2,3,4],[0.0,1.0,3.0,0.0,1.0]),1.0,0.0]
[(5,[0,1,2,3,4],[0.0,1.0,2.0,0.0,1.0]),1.0,0.0]
[(5,[0,1,2,3,4],[0.0,1.0,1.0,0.0,1.0]),1.0,0.0]
[(5,[0,1,2,3,4],[0.0,0.0,3.0,0.0,1.0]),1.0,0.0]
[(5,[0,1,2,3,4],[0.0,0.0,3.0,1.0,1.0]),0.0,0.0]
[(5,[0,1,2,3,4],[0.0,1.0,3.0,0.0,1.0]),0.0,0.0]
[(5,[0,1,2,3,4],[0.0,1.0,0.0,0.0,0.0]),1.0,0.0]
[(5,[0,1,2,3,4],[0.0,1.0,2.0,0.0,1.0]),0.0,0.0]
[(5,[0,1,2,3,4],[0.0,1.0,3.0,0.0,0.0]),0.0,0.0]
[(5,[0,1,2,3,4],[0.0,1.0,2.0,0.0,0.0]),1.0,0.0]
[(5,[0,1,2,3,4],[0.0,0.0,3.0,1.0,1.0]),0.0,0.0]
[(5,[0,1,2,3,4],[0.0,0.0,3.0,0.0,1.0]),1.0,0.0]
[(5,[0,1,2,3,4],[0.0,1.0,3.0,0.0,1.0]),1.0,0.0]
[(5,[0,1,2,3,4],[0.0,1.0,0.0,0.0,1.0]),0.0,0.0]
[(5,[0,1,2,3,4],[0.0,1.0,3.0,0.0,1.0]),1.0,0.0]
[(5,[0,1,2,3,4],[0.0,0.0,2.0,0.0,1.0]),0.0,0.0]
[(5,[0,1,2,3,4],[0.0,1.0,1.0,0.0,0.0]),0.0,0.0]
[(5,[0,1,2,3,4],[0.0,1.0,3.0,0.0,0.0]),0.0,0.0]
[(5,[0,1,2,3,4],[0.0,0.0,3.0,0.0,0.0]),0.0,0.0]
[(5,[0,1,2,3,4],[0.0,0.0,0.0,0.0,0.0]),1.0,0.0]
[(5,[0,1,2,3,4],[0.0,1.0,1.0,0.0,1.0]),0.0,0.0]
[(5,[0,1,2,3,4],[0.0,0.0,3.0,1.0,0.0]),1.0,0.0]
[(5,[0,1,2,3,4],[0.0,0.0,3.0,0.0,0.0]),0.0,0.0]
[(5,[0,1,2,3,4],[0.0,0.0,0.0,0.0,1.0]),0.0,0.0]
[(5,[0,1,2,3,4],[0.0,0.0,3.0,0.0,0.0]),0.0,0.0]
[(5,[0,1,2,3,4],[0.0,1.0,3.0,1.0,1.0]),0.0,0.0]
[(5,[0,1,2,3,4],[0.0,1.0,3.0,0.0,1.0]),0.0,0.0]
[(5,[0,1,2,3,4],[0.0,1.0,2.0,0.0,0.0]),1.0,0.0]
[(5,[0,1,2,3,4],[0.0,1.0,0.0,0.0,1.0]),1.0,0.0]
[(5,[0,1,2,3,4],[0.0,0.0,1.0,0.0,1.0]),1.0,0.0]
[(5,[0,1,2,3,4],[0.0,0.0,3.0,0.0,0.0]),0.0,0.0]
[(5,[0,1,2,3,4],[0.0,1.0,3.0,0.0,0.0]),0.0,0.0]
[(5,[0,1,2,3,4],[0.0,1.0,3.0,0.0,1.0]),0.0,0.0]
[(5,[0,1,2,3,4],[0.0,0.0,2.0,0.0,1.0]),0.0,0.0]
[(5,[0,1,2,3,4],[0.0,1.0,2.0,0.0,0.0]),1.0,0.0]
[(5,[0,1,2,3,4],[0.0,0.0,1.0,0.0,1.0]),0.0,0.0]
[(5,[0,1,2,3,4],[0.0,0.0,1.0,0.0,1.0]),0.0,0.0]
[(5,[0,1,2,3,4],[0.0,1.0,3.0,0.0,0.0]),0.0,0.0]
[(5,[0,1,2,3,4],[0.0,1.0,0.0,1.0,1.0]),0.0,0.0]
[(5,[0,1,2,3,4],[0.0,0.0,3.0,0.0,1.0]),1.0,0.0]
[(5,[0,1,2,3,4],[0.0,1.0,3.0,0.0,1.0]),0.0,0.0]
[(5,[0,1,2,3,4],[0.0,0.0,2.0,0.0,0.0]),1.0,0.0]
[(5,[0,1,2,3,4],[0.0,1.0,0.0,0.0,0.0]),1.0,0.0]
[(5,[0,1,2,3,4],[0.0,1.0,0.0,0.0,1.0]),0.0,0.0]
[(5,[0,1,2,3,4],[0.0,0.0,1.0,0.0,1.0]),0.0,0.0]
[(5,[0,1,2,3,4],[0.0,1.0,3.0,0.0,0.0]),0.0,0.0]
[(5,[0,1,2,3,4],[0.0,0.0,0.0,0.0,1.0]),0.0,0.0]
[(5,[0,1,2,3,4],[0.0,1.0,0.0,0.0,0.0]),1.0,0.0]
[(5,[0,1,2,3,4],[0.0,1.0,2.0,0.0,1.0]),0.0,0.0]
[(5,[0,1,2,3,4],[0.0,0.0,0.0,0.0,0.0]),0.0,0.0]
[(5,[0,1,2,3,4],[0.0,0.0,0.0,0.0,1.0]),0.0,0.0]
[(5,[0,1,2,3,4],[0.0,1.0,1.0,1.0,1.0]),1.0,0.0]
[(5,[0,1,2,3,4],[0.0,0.0,0.0,0.0,1.0]),0.0,0.0]
[(5,[0,1,2,3,4],[0.0,1.0,3.0,0.0,1.0]),1.0,0.0]
[(5,[0,1,2,3,4],[0.0,0.0,2.0,0.0,0.0]),1.0,0.0]
[(5,[0,1,2,3,4],[0.0,0.0,0.0,0.0,0.0]),0.0,0.0]
[(5,[0,1,2,3,4],[0.0,1.0,1.0,0.0,0.0]),0.0,0.0]
[(5,[0,1,2,3,4],[0.0,1.0,0.0,0.0,0.0]),0.0,0.0]
[(5,[0,1,2,3,4],[0.0,0.0,1.0,0.0,0.0]),0.0,0.0]
[(5,[0,1,2,3,4],[0.0,0.0,0.0,0.0,0.0]),0.0,0.0]
[(5,[0,1,2,3,4],[0.0,0.0,1.0,0.0,0.0]),0.0,0.0]
[(5,[0,1,2,3,4],[0.0,0.0,0.0,0.0,1.0]),1.0,0.0]
[(5,[0,1,2,3,4],[0.0,1.0,2.0,0.0,0.0]),1.0,0.0]
[(5,[0,1,2,3,4],[0.0,0.0,1.0,0.0,1.0]),0.0,0.0]
[(5,[0,1,2,3,4],[0.0,1.0,3.0,0.0,0.0]),0.0,0.0]
[(5,[0,1,2,3,4],[0.0,1.0,0.0,0.0,0.0]),0.0,0.0]
[(5,[0,1,2,3,4],[0.0,1.0,0.0,0.0,0.0]),0.0,0.0]
[(5,[0,1,2,3,4],[0.0,1.0,0.0,0.0,0.0]),1.0,0.0]
[(5,[0,1,2,3,4],[0.0,1.0,1.0,0.0,0.0]),1.0,0.0]
[(5,[0,1,2,3,4],[0.0,1.0,1.0,0.0,1.0]),0.0,0.0]
[(5,[0,1,2,3,4],[0.0,0.0,0.0,0.0,0.0]),0.0,0.0]
[(5,[0,1,2,3,4],[0.0,0.0,0.0,0.0,0.0]),1.0,0.0]
[(5,[0,1,2,3,4],[0.0,1.0,3.0,0.0,0.0]),1.0,0.0]
[(5,[0,1,2,3,4],[0.0,1.0,0.0,0.0,1.0]),1.0,0.0]
[(5,[0,1,2,3,4],[0.0,0.0,0.0,0.0,0.0]),1.0,0.0]
[(5,[0,1,2,3,4],[0.0,1.0,2.0,0.0,1.0]),0.0,0.0]
[(5,[0,1,2,3,4],[0.0,0.0,0.0,0.0,0.0]),1.0,0.0]
[(5,[0,1,2,3,4],[0.0,0.0,1.0,0.0,1.0]),0.0,0.0]
[(5,[0,1,2,3,4],[0.0,1.0,0.0,0.0,0.0]),0.0,0.0]
[(5,[0,1,2,3,4],[0.0,0.0,0.0,0.0,1.0]),1.0,0.0]
[(5,[0,1,2,3,4],[0.0,1.0,3.0,0.0,1.0]),0.0,0.0]
[(5,[0,1,2,3,4],[0.0,0.0,3.0,0.0,0.0]),0.0,0.0]
[(5,[0,1,2,3,4],[0.0,1.0,2.0,0.0,0.0]),1.0,0.0]
[(5,[0,1,2,3,4],[0.0,1.0,3.0,0.0,1.0]),1.0,0.0]
[(5,[0,1,2,3,4],[0.0,1.0,3.0,0.0,1.0]),0.0,0.0]
[(5,[0,1,2,3,4],[0.0,0.0,1.0,0.0,0.0]),0.0,0.0]
[(5,[0,1,2,3,4],[0.0,1.0,1.0,0.0,0.0]),1.0,0.0]
[(5,[0,1,2,3,4],[0.0,1.0,0.0,0.0,1.0]),0.0,0.0]
[(5,[0,1,2,3,4],[0.0,1.0,1.0,0.0,0.0]),1.0,0.0]
[(5,[0,1,2,3,4],[0.0,0.0,2.0,0.0,0.0]),1.0,0.0]
[(5,[0,1,2,3,4],[0.0,1.0,2.0,0.0,1.0]),1.0,0.0]
[(5,[0,1,2,3,4],[0.0,1.0,1.0,0.0,0.0]),0.0,0.0]
[(5,[0,1,2,3,4],[0.0,0.0,3.0,0.0,1.0]),0.0,0.0]
[(5,[0,1,2,3,4],[0.0,0.0,1.0,0.0,1.0]),0.0,0.0]
[(5,[0,1,2,3,4],[0.0,0.0,3.0,0.0,0.0]),0.0,0.0]
[(5,[0,1,2,3,4],[0.0,1.0,3.0,0.0,1.0]),1.0,0.0]
[(5,[0,1,2,3,4],[0.0,0.0,0.0,0.0,1.0]),0.0,0.0]
[(5,[0,1,2,3,4],[0.0,0.0,2.0,0.0,0.0]),0.0,0.0]
[(5,[0,1,2,3,4],[0.0,0.0,0.0,0.0,1.0]),0.0,0.0]
[(5,[0,1,2,3,4],[0.0,1.0,0.0,0.0,1.0]),0.0,0.0]
[(5,[0,1,2,3,4],[0.0,1.0,2.0,0.0,1.0]),0.0,0.0]
[(5,[0,1,2,3,4],[0.0,0.0,2.0,0.0,1.0]),0.0,0.0]
[(5,[0,1,2,3,4],[0.0,1.0,1.0,0.0,0.0]),1.0,0.0]
[(5,[0,1,2,3,4],[0.0,1.0,0.0,0.0,0.0]),0.0,0.0]
[(5,[0,1,2,3,4],[0.0,0.0,0.0,0.0,1.0]),1.0,0.0]
[(5,[0,1,2,3,4],[0.0,0.0,2.0,0.0,0.0]),1.0,0.0]
[(5,[0,1,2,3,4],[0.0,1.0,2.0,0.0,0.0]),1.0,0.0]
[(5,[0,1,2,3,4],[0.0,0.0,0.0,0.0,1.0]),1.0,0.0]
[(5,[0,1,2,3,4],[0.0,0.0,0.0,0.0,0.0]),0.0,0.0]
[(5,[0,1,2,3,4],[0.0,0.0,2.0,0.0,1.0]),0.0,0.0]
[(5,[0,1,2,3,4],[0.0,1.0,1.0,1.0,0.0]),1.0,0.0]
[(5,[0,1,2,3,4],[0.0,1.0,2.0,0.0,1.0]),0.0,0.0]
[(5,[0,1,2,3,4],[0.0,1.0,3.0,0.0,1.0]),1.0,0.0]
[(5,[0,1,2,3,4],[0.0,0.0,0.0,1.0,1.0]),1.0,0.0]
[(5,[0,1,2,3,4],[0.0,0.0,0.0,0.0,0.0]),0.0,0.0]
[(5,[0,1,2,3,4],[0.0,1.0,2.0,0.0,1.0]),0.0,0.0]
[(5,[0,1,2,3,4],[0.0,0.0,0.0,0.0,0.0]),0.0,0.0]
[(5,[0,1,2,3,4],[0.0,0.0,1.0,0.0,1.0]),0.0,0.0]
[(5,[0,1,2,3,4],[0.0,0.0,2.0,0.0,0.0]),1.0,0.0]
[(5,[0,1,2,3,4],[0.0,1.0,3.0,0.0,1.0]),0.0,0.0]
[(5,[0,1,2,3,4],[0.0,0.0,0.0,1.0,1.0]),0.0,0.0]
[(5,[0,1,2,3,4],[0.0,0.0,1.0,0.0,0.0]),0.0,0.0]
[(5,[0,1,2,3,4],[0.0,1.0,0.0,0.0,0.0]),1.0,0.0]
[(5,[0,1,2,3,4],[0.0,1.0,0.0,0.0,1.0]),1.0,0.0]
[(5,[0,1,2,3,4],[0.0,1.0,0.0,0.0,1.0]),0.0,0.0]
[(5,[0,1,2,3,4],[0.0,1.0,2.0,0.0,0.0]),1.0,0.0]
[(5,[0,1,2,3,4],[0.0,1.0,3.0,0.0,1.0]),1.0,0.0]
[(5,[0,1,2,3,4],[0.0,1.0,1.0,0.0,0.0]),0.0,0.0]
[(5,[0,1,2,3,4],[0.0,0.0,1.0,0.0,0.0]),1.0,0.0]
[(5,[0,1,2,3,4],[0.0,1.0,0.0,1.0,0.0]),0.0,0.0]
[(5,[0,1,2,3,4],[0.0,1.0,0.0,0.0,1.0]),1.0,0.0]
[(5,[0,1,2,3,4],[0.0,0.0,0.0,0.0,0.0]),0.0,0.0]
[(5,[0,1,2,3,4],[0.0,1.0,3.0,0.0,1.0]),0.0,0.0]
[(5,[0,1,2,3,4],[0.0,0.0,0.0,0.0,0.0]),0.0,0.0]
[(5,[0,1,2,3,4],[0.0,0.0,2.0,0.0,0.0]),1.0,0.0]
[(5,[0,1,2,3,4],[0.0,1.0,0.0,0.0,0.0]),1.0,0.0]
[(5,[0,1,2,3,4],[0.0,0.0,0.0,0.0,1.0]),0.0,0.0]
[(5,[0,1,2,3,4],[0.0,0.0,2.0,0.0,0.0]),1.0,0.0]
[(5,[0,1,2,3,4],[0.0,0.0,0.0,0.0,0.0]),1.0,0.0]
[(5,[0,1,2,3,4],[0.0,0.0,0.0,0.0,0.0]),1.0,0.0]
[(5,[0,1,2,3,4],[0.0,1.0,0.0,0.0,0.0]),1.0,0.0]
[(5,[0,1,2,3,4],[0.0,0.0,0.0,0.0,0.0]),0.0,0.0]
[(5,[0,1,2,3,4],[0.0,1.0,2.0,0.0,1.0]),0.0,0.0]
[(5,[0,1,2,3,4],[0.0,1.0,0.0,1.0,0.0]),0.0,0.0]
[(5,[0,1,2,3,4],[0.0,1.0,3.0,1.0,0.0]),1.0,0.0]
[(5,[0,1,2,3,4],[0.0,0.0,2.0,0.0,0.0]),0.0,0.0]
[(5,[0,1,2,3,4],[0.0,1.0,0.0,0.0,1.0]),0.0,0.0]
[(5,[0,1,2,3,4],[0.0,1.0,1.0,1.0,1.0]),0.0,0.0]
[(5,[0,1,2,3,4],[0.0,1.0,0.0,0.0,0.0]),0.0,0.0]
[(5,[0,1,2,3,4],[0.0,0.0,0.0,0.0,1.0]),0.0,0.0]
************
407      0
268      0
Class 0 precision: 0.6029629707336426
************