

[(5,[0,1,2,3,4],[1.0,2.0,2.0,1.0,0.0]),3.0,0.0]
[(5,[0,1,2,3,4],[1.0,0.0,3.0,1.0,1.0]),0.0,0.0]
[(5,[0,1,2,3,4],[1.0,2.0,2.0,0.0,0.0]),3.0,0.0]
[(5,[0,1,2,3,4],[1.0,2.0,1.0,1.0,0.0]),2.0,0.0]
[(5,[0,1,2,3,4],[1.0,0.0,1.0,0.0,0.0]),2.0,0.0]
[(5,[0,1,2,3,4],[1.0,2.0,3.0,0.0,0.0]),0.0,0.0]
[(5,[0,1,2,3,4],[1.0,2.0,2.0,1.0,0.0]),2.0,0.0]
[(5,[0,1,2,3,4],[1.0,0.0,0.0,1.0,0.0]),0.0,0.0]
[(5,[0,1,2,3,4],[1.0,0.0,2.0,0.0,0.0]),0.0,0.0]
[(5,[0,1,2,3,4],[1.0,2.0,0.0,1.0,1.0]),0.0,0.0]
[(5,[0,1,2,3,4],[1.0,2.0,2.0,1.0,0.0]),2.0,0.0]
[(5,[0,1,2,3,4],[1.0,0.0,3.0,0.0,0.0]),3.0,0.0]
[(5,[0,1,2,3,4],[1.0,2.0,2.0,0.0,0.0]),2.0,0.0]
[(5,[0,1,2,3,4],[1.0,2.0,0.0,0.0,1.0]),3.0,0.0]
[(5,[0,1,2,3,4],[1.0,2.0,2.0,1.0,1.0]),3.0,0.0]
[(5,[0,1,2,3,4],[1.0,0.0,0.0,0.0,0.0]),2.0,0.0]
[(5,[0,1,2,3,4],[1.0,0.0,1.0,0.0,0.0]),0.0,0.0]
[(5,[0,1,2,3,4],[1.0,2.0,1.0,0.0,1.0]),0.0,0.0]
[(5,[0,1,2,3,4],[1.0,2.0,1.0,1.0,1.0]),3.0,0.0]
[(5,[0,1,2,3,4],[1.0,2.0,0.0,0.0,1.0]),3.0,0.0]
[(5,[0,1,2,3,4],[1.0,2.0,0.0,1.0,0.0]),0.0,0.0]
[(5,[0,1,2,3,4],[1.0,0.0,3.0,0.0,0.0]),2.0,0.0]
[(5,[0,1,2,3,4],[1.0,2.0,3.0,1.0,0.0]),3.0,0.0]
[(5,[0,1,2,3,4],[1.0,2.0,0.0,0.0,1.0]),2.0,0.0]
[(5,[0,1,2,3,4],[1.0,0.0,0.0,1.0,0.0]),3.0,0.0]
[(5,[0,1,2,3,4],[1.0,0.0,0.0,1.0,1.0]),1.0,0.0]
[(5,[0,1,2,3,4],[1.0,0.0,3.0,1.0,0.0]),0.0,0.0]
[(5,[0,1,2,3,4],[1.0,2.0,3.0,1.0,0.0]),0.0,0.0]
[(5,[0,1,2,3,4],[1.0,2.0,0.0,1.0,0.0]),0.0,0.0]
[(5,[0,1,2,3,4],[1.0,2.0,3.0,0.0,0.0]),0.0,0.0]
[(5,[0,1,2,3,4],[1.0,0.0,2.0,1.0,1.0]),3.0,0.0]
[(5,[0,1,2,3,4],[1.0,2.0,0.0,0.0,0.0]),0.0,0.0]
[(5,[0,1,2,3,4],[1.0,0.0,2.0,1.0,1.0]),3.0,0.0]
[(5,[0,1,2,3,4],[1.0,0.0,3.0,0.0,0.0]),0.0,0.0]
[(5,[0,1,2,3,4],[1.0,0.0,0.0,1.0,1.0]),2.0,0.0]
[(5,[0,1,2,3,4],[1.0,2.0,3.0,0.0,1.0]),0.0,0.0]
[(5,[0,1,2,3,4],[1.0,2.0,0.0,0.0,0.0]),0.0,0.0]
[(5,[0,1,2,3,4],[1.0,2.0,3.0,0.0,1.0]),0.0,0.0]
[(5,[0,1,2,3,4],[1.0,0.0,1.0,0.0,1.0]),0.0,0.0]
[(5,[0,1,2,3,4],[1.0,0.0,2.0,0.0,1.0]),2.0,0.0]
[(5,[0,1,2,3,4],[1.0,2.0,0.0,0.0,0.0]),1.0,0.0]
[(5,[0,1,2,3,4],[1.0,0.0,3.0,0.0,1.0]),0.0,0.0]
[(5,[0,1,2,3,4],[1.0,0.0,0.0,1.0,0.0]),1.0,0.0]
[(5,[0,1,2,3,4],[1.0,2.0,0.0,1.0,1.0]),0.0,0.0]
[(5,[0,1,2,3,4],[1.0,0.0,3.0,1.0,0.0]),0.0,0.0]
[(5,[0,1,2,3,4],[1.0,2.0,1.0,0.0,0.0]),2.0,0.0]
[(5,[0,1,2,3,4],[1.0,2.0,0.0,1.0,1.0]),0.0,0.0]
[(5,[0,1,2,3,4],[1.0,0.0,0.0,1.0,1.0]),0.0,0.0]
[(5,[0,1,2,3,4],[1.0,2.0,0.0,1.0,1.0]),2.0,0.0]
[(5,[0,1,2,3,4],[1.0,0.0,0.0,0.0,1.0]),0.0,0.0]
[(5,[0,1,2,3,4],[1.0,2.0,1.0,1.0,0.0]),2.0,0.0]
[(5,[0,1,2,3,4],[1.0,2.0,1.0,0.0,0.0]),3.0,0.0]
[(5,[0,1,2,3,4],[1.0,0.0,0.0,1.0,0.0]),1.0,0.0]
[(5,[0,1,2,3,4],[1.0,2.0,3.0,1.0,1.0]),1.0,0.0]
[(5,[0,1,2,3,4],[1.0,0.0,1.0,1.0,0.0]),0.0,0.0]
[(5,[0,1,2,3,4],[1.0,2.0,2.0,1.0,1.0]),2.0,0.0]
[(5,[0,1,2,3,4],[1.0,2.0,1.0,1.0,0.0]),0.0,0.0]
[(5,[0,1,2,3,4],[1.0,2.0,3.0,0.0,0.0]),0.0,0.0]
[(5,[0,1,2,3,4],[1.0,2.0,3.0,1.0,0.0]),1.0,0.0]
[(5,[0,1,2,3,4],[1.0,0.0,2.0,1.0,1.0]),0.0,0.0]
[(5,[0,1,2,3,4],[1.0,0.0,2.0,1.0,0.0]),0.0,0.0]
[(5,[0,1,2,3,4],[1.0,0.0,0.0,1.0,0.0]),3.0,0.0]
[(5,[0,1,2,3,4],[1.0,0.0,0.0,0.0,0.0]),1.0,0.0]
[(5,[0,1,2,3,4],[1.0,2.0,2.0,1.0,1.0]),2.0,0.0]
[(5,[0,1,2,3,4],[1.0,2.0,2.0,0.0,1.0]),0.0,0.0]
[(5,[0,1,2,3,4],[1.0,0.0,2.0,0.0,0.0]),3.0,0.0]
[(5,[0,1,2,3,4],[1.0,0.0,0.0,0.0,1.0]),3.0,0.0]
[(5,[0,1,2,3,4],[1.0,2.0,1.0,1.0,0.0]),3.0,0.0]
[(5,[0,1,2,3,4],[1.0,2.0,1.0,1.0,1.0]),2.0,0.0]
[(5,[0,1,2,3,4],[1.0,0.0,3.0,0.0,0.0]),0.0,0.0]
[(5,[0,1,2,3,4],[1.0,0.0,1.0,1.0,0.0]),3.0,0.0]
[(5,[0,1,2,3,4],[1.0,2.0,1.0,0.0,1.0]),3.0,0.0]
[(5,[0,1,2,3,4],[1.0,0.0,2.0,0.0,0.0]),0.0,0.0]
[(5,[0,1,2,3,4],[1.0,0.0,0.0,0.0,1.0]),3.0,0.0]
[(5,[0,1,2,3,4],[1.0,2.0,1.0,0.0,1.0]),0.0,0.0]
[(5,[0,1,2,3,4],[1.0,2.0,3.0,1.0,1.0]),1.0,0.0]
[(5,[0,1,2,3,4],[1.0,2.0,0.0,1.0,0.0]),3.0,0.0]
[(5,[0,1,2,3,4],[1.0,2.0,0.0,1.0,1.0]),0.0,0.0]
[(5,[0,1,2,3,4],[1.0,0.0,2.0,0.0,0.0]),1.0,0.0]
[(5,[0,1,2,3,4],[1.0,2.0,3.0,0.0,1.0]),1.0,0.0]
[(5,[0,1,2,3,4],[1.0,2.0,0.0,0.0,1.0]),1.0,0.0]
[(5,[0,1,2,3,4],[1.0,2.0,1.0,1.0,1.0]),0.0,0.0]
[(5,[0,1,2,3,4],[1.0,0.0,3.0,1.0,0.0]),0.0,0.0]
[(5,[0,1,2,3,4],[1.0,0.0,0.0,0.0,0.0]),3.0,0.0]
[(5,[0,1,2,3,4],[1.0,0.0,0.0,1.0,0.0]),0.0,0.0]
[(5,[0,1,2,3,4],[1.0,0.0,3.0,1.0,0.0]),1.0,0.0]
[(5,[0,1,2,3,4],[1.0,0.0,0.0,1.0,0.0]),0.0,0.0]
[(5,[0,1,2,3,4],[1.0,0.0,1.0,1.0,1.0]),0.0,0.0]
[(5,[0,1,2,3,4],[1.0,0.0,1.0,0.0,0.0]),3.0,0.0]
[(5,[0,1,2,3,4],[1.0,2.0,0.0,0.0,1.0]),0.0,0.0]
[(5,[0,1,2,3,4],[1.0,2.0,1.0,0.0,1.0]),0.0,0.0]
[(5,[0,1,2,3,4],[1.0,2.0,0.0,1.0,0.0]),2.0,0.0]
[(5,[0,1,2,3,4],[1.0,0.0,1.0,0.0,1.0]),2.0,0.0]
[(5,[0,1,2,3,4],[1.0,2.0,0.0,0.0,0.0]),3.0,0.0]
[(5,[0,1,2,3,4],[1.0,0.0,1.0,0.0,0.0]),0.0,0.0]
[(5,[0,1,2,3,4],[1.0,2.0,1.0,1.0,0.0]),1.0,0.0]
[(5,[0,1,2,3,4],[1.0,2.0,0.0,0.0,1.0]),0.0,0.0]
[(5,[0,1,2,3,4],[1.0,0.0,0.0,0.0,0.0]),1.0,0.0]
[(5,[0,1,2,3,4],[1.0,0.0,2.0,0.0,0.0]),2.0,0.0]
[(5,[0,1,2,3,4],[1.0,2.0,0.0,1.0,1.0]),3.0,0.0]
[(5,[0,1,2,3,4],[1.0,2.0,2.0,0.0,1.0]),0.0,0.0]
[(5,[0,1,2,3,4],[1.0,2.0,2.0,1.0,1.0]),3.0,0.0]
[(5,[0,1,2,3,4],[1.0,2.0,2.0,1.0,1.0]),2.0,0.0]
[(5,[0,1,2,3,4],[1.0,2.0,2.0,0.0,0.0]),0.0,0.0]
[(5,[0,1,2,3,4],[1.0,0.0,0.0,0.0,0.0]),2.0,0.0]
[(5,[0,1,2,3,4],[1.0,2.0,1.0,0.0,1.0]),3.0,0.0]
[(5,[0,1,2,3,4],[1.0,2.0,2.0,1.0,0.0]),1.0,0.0]
[(5,[0,1,2,3,4],[1.0,0.0,0.0,0.0,0.0]),1.0,0.0]
[(5,[0,1,2,3,4],[1.0,2.0,1.0,0.0,1.0]),0.0,0.0]
[(5,[0,1,2,3,4],[1.0,2.0,0.0,0.0,1.0]),2.0,0.0]
[(5,[0,1,2,3,4],[1.0,2.0,3.0,1.0,1.0]),1.0,0.0]
[(5,[0,1,2,3,4],[1.0,0.0,3.0,1.0,1.0]),0.0,0.0]
[(5,[0,1,2,3,4],[1.0,2.0,0.0,0.0,0.0]),0.0,0.0]
[(5,[0,1,2,3,4],[1.0,0.0,2.0,0.0,1.0]),1.0,0.0]
[(5,[0,1,2,3,4],[1.0,0.0,1.0,0.0,1.0]),1.0,0.0]
[(5,[0,1,2,3,4],[1.0,0.0,2.0,0.0,1.0]),2.0,0.0]
[(5,[0,1,2,3,4],[1.0,0.0,2.0,1.0,0.0]),1.0,0.0]
[(5,[0,1,2,3,4],[1.0,0.0,0.0,0.0,1.0]),2.0,0.0]
[(5,[0,1,2,3,4],[1.0,2.0,2.0,0.0,1.0]),3.0,0.0]
[(5,[0,1,2,3,4],[1.0,0.0,3.0,1.0,0.0]),0.0,0.0]
[(5,[0,1,2,3,4],[1.0,2.0,0.0,1.0,1.0]),3.0,0.0]
[(5,[0,1,2,3,4],[1.0,0.0,3.0,1.0,1.0]),1.0,0.0]
[(5,[0,1,2,3,4],[1.0,0.0,0.0,0.0,1.0]),0.0,0.0]
[(5,[0,1,2,3,4],[1.0,2.0,3.0,0.0,1.0]),1.0,0.0]
[(5,[0,1,2,3,4],[1.0,2.0,1.0,0.0,1.0]),0.0,0.0]
[(5,[0,1,2,3,4],[1.0,0.0,1.0,0.0,0.0]),0.0,0.0]
[(5,[0,1,2,3,4],[1.0,0.0,1.0,0.0,0.0]),3.0,0.0]
[(5,[0,1,2,3,4],[1.0,0.0,3.0,1.0,0.0]),3.0,0.0]
[(5,[0,1,2,3,4],[1.0,0.0,1.0,1.0,0.0]),1.0,0.0]
[(5,[0,1,2,3,4],[1.0,2.0,3.0,0.0,0.0]),0.0,0.0]
[(5,[0,1,2,3,4],[1.0,2.0,1.0,0.0,1.0]),0.0,0.0]
[(5,[0,1,2,3,4],[1.0,0.0,0.0,1.0,1.0]),2.0,0.0]
[(5,[0,1,2,3,4],[1.0,0.0,2.0,0.0,0.0]),0.0,0.0]
[(5,[0,1,2,3,4],[1.0,0.0,3.0,1.0,0.0]),0.0,0.0]
[(5,[0,1,2,3,4],[1.0,0.0,2.0,0.0,0.0]),2.0,0.0]
[(5,[0,1,2,3,4],[1.0,0.0,3.0,0.0,0.0]),0.0,0.0]
[(5,[0,1,2,3,4],[1.0,0.0,2.0,0.0,0.0]),0.0,0.0]
[(5,[0,1,2,3,4],[1.0,0.0,3.0,0.0,1.0]),3.0,0.0]
[(5,[0,1,2,3,4],[1.0,2.0,2.0,1.0,0.0]),0.0,0.0]
[(5,[0,1,2,3,4],[1.0,2.0,2.0,0.0,1.0]),0.0,0.0]
[(5,[0,1,2,3,4],[1.0,0.0,3.0,0.0,1.0]),1.0,0.0]
[(5,[0,1,2,3,4],[1.0,2.0,2.0,1.0,0.0]),0.0,0.0]
[(5,[0,1,2,3,4],[1.0,2.0,1.0,0.0,1.0]),3.0,0.0]
[(5,[0,1,2,3,4],[1.0,2.0,0.0,0.0,1.0]),0.0,0.0]
[(5,[0,1,2,3,4],[1.0,2.0,0.0,0.0,1.0]),3.0,0.0]
[(5,[0,1,2,3,4],[1.0,2.0,0.0,1.0,1.0]),0.0,0.0]
[(5,[0,1,2,3,4],[1.0,0.0,1.0,0.0,0.0]),3.0,0.0]
[(5,[0,1,2,3,4],[1.0,0.0,3.0,1.0,0.0]),1.0,0.0]
[(5,[0,1,2,3,4],[1.0,2.0,2.0,0.0,1.0]),0.0,0.0]
[(5,[0,1,2,3,4],[1.0,0.0,0.0,0.0,1.0]),3.0,0.0]
[(5,[0,1,2,3,4],[1.0,0.0,3.0,0.0,1.0]),1.0,0.0]
[(5,[0,1,2,3,4],[1.0,2.0,3.0,1.0,0.0]),1.0,0.0]
[(5,[0,1,2,3,4],[1.0,2.0,1.0,1.0,1.0]),3.0,0.0]
[(5,[0,1,2,3,4],[1.0,0.0,3.0,1.0,0.0]),2.0,0.0]
[(5,[0,1,2,3,4],[1.0,0.0,0.0,0.0,0.0]),3.0,0.0]
[(5,[0,1,2,3,4],[1.0,2.0,0.0,1.0,1.0]),1.0,0.0]
[(5,[0,1,2,3,4],[1.0,0.0,3.0,1.0,1.0]),1.0,0.0]
[(5,[0,1,2,3,4],[1.0,2.0,0.0,1.0,0.0]),0.0,0.0]
[(5,[0,1,2,3,4],[1.0,2.0,2.0,0.0,0.0]),2.0,0.0]
[(5,[0,1,2,3,4],[1.0,0.0,2.0,1.0,0.0]),2.0,0.0]
[(5,[0,1,2,3,4],[1.0,0.0,3.0,0.0,0.0]),0.0,0.0]
[(5,[0,1,2,3,4],[1.0,0.0,0.0,0.0,0.0]),3.0,0.0]
[(5,[0,1,2,3,4],[1.0,0.0,3.0,0.0,1.0]),3.0,0.0]
[(5,[0,1,2,3,4],[1.0,2.0,0.0,0.0,0.0]),0.0,0.0]
[(5,[0,1,2,3,4],[1.0,0.0,0.0,1.0,1.0]),0.0,0.0]
[(5,[0,1,2,3,4],[1.0,0.0,2.0,1.0,0.0]),0.0,0.0]
[(5,[0,1,2,3,4],[1.0,0.0,3.0,1.0,1.0]),0.0,0.0]
[(5,[0,1,2,3,4],[1.0,0.0,3.0,0.0,0.0]),0.0,0.0]
[(5,[0,1,2,3,4],[1.0,2.0,1.0,0.0,1.0]),0.0,0.0]
[(5,[0,1,2,3,4],[1.0,2.0,0.0,1.0,1.0]),2.0,0.0]
[(5,[0,1,2,3,4],[1.0,2.0,2.0,1.0,0.0]),3.0,0.0]
[(5,[0,1,2,3,4],[1.0,2.0,0.0,1.0,0.0]),1.0,0.0]
[(5,[0,1,2,3,4],[1.0,2.0,3.0,0.0,0.0]),0.0,0.0]
[(5,[0,1,2,3,4],[1.0,0.0,2.0,1.0,0.0]),0.0,0.0]
[(5,[0,1,2,3,4],[1.0,2.0,3.0,0.0,1.0]),3.0,0.0]
[(5,[0,1,2,3,4],[1.0,2.0,1.0,1.0,0.0]),2.0,0.0]
[(5,[0,1,2,3,4],[1.0,0.0,2.0,1.0,1.0]),2.0,0.0]
[(5,[0,1,2,3,4],[1.0,0.0,3.0,0.0,0.0]),3.0,0.0]
[(5,[0,1,2,3,4],[1.0,2.0,3.0,0.0,1.0]),0.0,0.0]
[(5,[0,1,2,3,4],[1.0,2.0,0.0,0.0,0.0]),0.0,0.0]
[(5,[0,1,2,3,4],[1.0,0.0,3.0,0.0,1.0]),1.0,0.0]
[(5,[0,1,2,3,4],[1.0,0.0,3.0,0.0,1.0]),3.0,0.0]
[(5,[0,1,2,3,4],[1.0,0.0,2.0,1.0,0.0]),0.0,0.0]
[(5,[0,1,2,3,4],[1.0,2.0,0.0,0.0,0.0]),1.0,0.0]
[(5,[0,1,2,3,4],[1.0,2.0,3.0,1.0,1.0]),3.0,0.0]
[(5,[0,1,2,3,4],[1.0,0.0,0.0,1.0,1.0]),0.0,0.0]
[(5,[0,1,2,3,4],[1.0,2.0,3.0,1.0,0.0]),3.0,0.0]
[(5,[0,1,2,3,4],[1.0,2.0,3.0,1.0,0.0]),2.0,0.0]
[(5,[0,1,2,3,4],[1.0,0.0,0.0,0.0,1.0]),0.0,0.0]
[(5,[0,1,2,3,4],[1.0,0.0,2.0,0.0,1.0]),0.0,0.0]
[(5,[0,1,2,3,4],[1.0,0.0,2.0,1.0,1.0]),1.0,0.0]
[(5,[0,1,2,3,4],[1.0,2.0,0.0,1.0,0.0]),0.0,0.0]
[(5,[0,1,2,3,4],[1.0,2.0,1.0,0.0,0.0]),0.0,0.0]
[(5,[0,1,2,3,4],[1.0,0.0,0.0,1.0,0.0]),3.0,0.0]
[(5,[0,1,2,3,4],[1.0,0.0,1.0,0.0,0.0]),0.0,0.0]
[(5,[0,1,2,3,4],[1.0,2.0,2.0,1.0,1.0]),2.0,0.0]
[(5,[0,1,2,3,4],[1.0,0.0,3.0,0.0,0.0]),2.0,0.0]
[(5,[0,1,2,3,4],[1.0,0.0,3.0,0.0,0.0]),0.0,0.0]
[(5,[0,1,2,3,4],[1.0,0.0,0.0,0.0,0.0]),2.0,0.0]
[(5,[0,1,2,3,4],[1.0,2.0,3.0,0.0,1.0]),0.0,0.0]
[(5,[0,1,2,3,4],[1.0,0.0,0.0,0.0,0.0]),0.0,0.0]
[(5,[0,1,2,3,4],[1.0,0.0,0.0,0.0,0.0]),2.0,0.0]
[(5,[0,1,2,3,4],[1.0,2.0,1.0,1.0,0.0]),0.0,0.0]
[(5,[0,1,2,3,4],[1.0,0.0,2.0,0.0,0.0]),1.0,0.0]
[(5,[0,1,2,3,4],[1.0,0.0,3.0,0.0,1.0]),2.0,0.0]
[(5,[0,1,2,3,4],[1.0,0.0,0.0,0.0,0.0]),0.0,0.0]
[(5,[0,1,2,3,4],[1.0,0.0,3.0,0.0,1.0]),0.0,0.0]
[(5,[0,1,2,3,4],[1.0,2.0,0.0,1.0,1.0]),2.0,0.0]
[(5,[0,1,2,3,4],[1.0,2.0,1.0,1.0,1.0]),0.0,0.0]
[(5,[0,1,2,3,4],[1.0,0.0,0.0,1.0,1.0]),0.0,0.0]
[(5,[0,1,2,3,4],[1.0,2.0,2.0,1.0,0.0]),0.0,0.0]
[(5,[0,1,2,3,4],[1.0,0.0,1.0,1.0,1.0]),3.0,0.0]
[(5,[0,1,2,3,4],[1.0,2.0,0.0,1.0,0.0]),0.0,0.0]
[(5,[0,1,2,3,4],[1.0,0.0,0.0,0.0,0.0]),1.0,0.0]
[(5,[0,1,2,3,4],[1.0,2.0,3.0,1.0,0.0]),1.0,0.0]
[(5,[0,1,2,3,4],[1.0,0.0,2.0,1.0,1.0]),0.0,0.0]
[(5,[0,1,2,3,4],[1.0,2.0,3.0,1.0,1.0]),3.0,0.0]
[(5,[0,1,2,3,4],[1.0,0.0,3.0,0.0,0.0]),3.0,0.0]
[(5,[0,1,2,3,4],[1.0,2.0,0.0,0.0,0.0]),1.0,0.0]
[(5,[0,1,2,3,4],[1.0,2.0,3.0,1.0,0.0]),3.0,0.0]
[(5,[0,1,2,3,4],[1.0,0.0,2.0,0.0,1.0]),2.0,0.0]
[(5,[0,1,2,3,4],[1.0,2.0,0.0,0.0,1.0]),2.0,0.0]
[(5,[0,1,2,3,4],[1.0,0.0,3.0,1.0,0.0]),2.0,0.0]
[(5,[0,1,2,3,4],[1.0,0.0,0.0,0.0,1.0]),1.0,0.0]
[(5,[0,1,2,3,4],[1.0,0.0,0.0,1.0,1.0]),3.0,0.0]
[(5,[0,1,2,3,4],[1.0,2.0,1.0,1.0,0.0]),3.0,0.0]
[(5,[0,1,2,3,4],[1.0,2.0,1.0,1.0,0.0]),3.0,0.0]
[(5,[0,1,2,3,4],[1.0,0.0,3.0,0.0,1.0]),2.0,0.0]
[(5,[0,1,2,3,4],[1.0,2.0,0.0,0.0,0.0]),1.0,0.0]
[(5,[0,1,2,3,4],[1.0,0.0,1.0,0.0,1.0]),3.0,0.0]
[(5,[0,1,2,3,4],[1.0,2.0,1.0,1.0,0.0]),0.0,0.0]
[(5,[0,1,2,3,4],[1.0,2.0,0.0,0.0,1.0]),1.0,0.0]
[(5,[0,1,2,3,4],[1.0,0.0,3.0,1.0,0.0]),3.0,0.0]
[(5,[0,1,2,3,4],[1.0,0.0,1.0,1.0,0.0]),3.0,0.0]
[(5,[0,1,2,3,4],[1.0,2.0,3.0,0.0,0.0]),3.0,0.0]
[(5,[0,1,2,3,4],[1.0,2.0,0.0,0.0,1.0]),0.0,0.0]
[(5,[0,1,2,3,4],[1.0,2.0,3.0,1.0,0.0]),1.0,0.0]
[(5,[0,1,2,3,4],[1.0,0.0,0.0,1.0,0.0]),0.0,0.0]
[(5,[0,1,2,3,4],[1.0,2.0,1.0,0.0,0.0]),2.0,0.0]
[(5,[0,1,2,3,4],[1.0,2.0,0.0,1.0,1.0]),3.0,0.0]
[(5,[0,1,2,3,4],[1.0,2.0,0.0,0.0,0.0]),3.0,0.0]
[(5,[0,1,2,3,4],[1.0,2.0,1.0,0.0,1.0]),0.0,0.0]
[(5,[0,1,2,3,4],[1.0,2.0,3.0,1.0,0.0]),1.0,0.0]
[(5,[0,1,2,3,4],[1.0,0.0,1.0,1.0,0.0]),0.0,0.0]
[(5,[0,1,2,3,4],[1.0,0.0,2.0,1.0,1.0]),0.0,0.0]
[(5,[0,1,2,3,4],[1.0,0.0,3.0,0.0,1.0]),0.0,0.0]
[(5,[0,1,2,3,4],[1.0,2.0,2.0,1.0,1.0]),0.0,0.0]
[(5,[0,1,2,3,4],[1.0,2.0,2.0,0.0,0.0]),3.0,0.0]
[(5,[0,1,2,3,4],[1.0,0.0,2.0,1.0,1.0]),3.0,0.0]
[(5,[0,1,2,3,4],[1.0,2.0,0.0,1.0,0.0]),2.0,0.0]
[(5,[0,1,2,3,4],[1.0,0.0,0.0,0.0,0.0]),3.0,0.0]
[(5,[0,1,2,3,4],[1.0,0.0,1.0,0.0,0.0]),2.0,0.0]
[(5,[0,1,2,3,4],[1.0,0.0,1.0,1.0,1.0]),0.0,0.0]
[(5,[0,1,2,3,4],[1.0,2.0,1.0,0.0,0.0]),0.0,0.0]
[(5,[0,1,2,3,4],[1.0,0.0,2.0,0.0,0.0]),0.0,0.0]
[(5,[0,1,2,3,4],[1.0,2.0,0.0,0.0,0.0]),3.0,0.0]
[(5,[0,1,2,3,4],[1.0,2.0,3.0,0.0,1.0]),1.0,0.0]
[(5,[0,1,2,3,4],[1.0,0.0,0.0,0.0,1.0]),0.0,0.0]
[(5,[0,1,2,3,4],[1.0,0.0,2.0,1.0,0.0]),2.0,0.0]
[(5,[0,1,2,3,4],[1.0,0.0,0.0,0.0,1.0]),0.0,0.0]
[(5,[0,1,2,3,4],[1.0,2.0,1.0,1.0,0.0]),0.0,0.0]
[(5,[0,1,2,3,4],[1.0,2.0,2.0,0.0,0.0]),0.0,0.0]
[(5,[0,1,2,3,4],[1.0,2.0,1.0,0.0,1.0]),3.0,0.0]
[(5,[0,1,2,3,4],[1.0,0.0,2.0,0.0,0.0]),0.0,0.0]
[(5,[0,1,2,3,4],[1.0,2.0,1.0,1.0,0.0]),1.0,0.0]
[(5,[0,1,2,3,4],[1.0,0.0,0.0,1.0,0.0]),1.0,0.0]
[(5,[0,1,2,3,4],[1.0,0.0,1.0,0.0,0.0]),2.0,0.0]
[(5,[0,1,2,3,4],[1.0,2.0,0.0,0.0,0.0]),3.0,0.0]
[(5,[0,1,2,3,4],[1.0,2.0,3.0,1.0,0.0]),2.0,0.0]
[(5,[0,1,2,3,4],[1.0,0.0,0.0,1.0,0.0]),0.0,0.0]
[(5,[0,1,2,3,4],[1.0,0.0,3.0,0.0,0.0]),1.0,0.0]
[(5,[0,1,2,3,4],[1.0,2.0,3.0,1.0,1.0]),0.0,0.0]
[(5,[0,1,2,3,4],[1.0,2.0,2.0,1.0,1.0]),0.0,0.0]
[(5,[0,1,2,3,4],[1.0,2.0,0.0,0.0,1.0]),3.0,0.0]
[(5,[0,1,2,3,4],[1.0,2.0,3.0,0.0,0.0]),1.0,0.0]
[(5,[0,1,2,3,4],[1.0,0.0,3.0,0.0,0.0]),0.0,0.0]
[(5,[0,1,2,3,4],[1.0,2.0,0.0,1.0,1.0]),0.0,0.0]
[(5,[0,1,2,3,4],[1.0,0.0,3.0,1.0,1.0]),1.0,0.0]
[(5,[0,1,2,3,4],[1.0,0.0,0.0,1.0,1.0]),3.0,0.0]
[(5,[0,1,2,3,4],[1.0,0.0,2.0,0.0,0.0]),1.0,0.0]
[(5,[0,1,2,3,4],[1.0,2.0,3.0,1.0,1.0]),0.0,0.0]
[(5,[0,1,2,3,4],[1.0,0.0,1.0,1.0,0.0]),2.0,0.0]
[(5,[0,1,2,3,4],[1.0,0.0,2.0,1.0,1.0]),0.0,0.0]
[(5,[0,1,2,3,4],[1.0,0.0,0.0,1.0,1.0]),0.0,0.0]
[(5,[0,1,2,3,4],[1.0,0.0,2.0,1.0,0.0]),0.0,0.0]
[(5,[0,1,2,3,4],[1.0,0.0,0.0,0.0,1.0]),0.0,0.0]
[(5,[0,1,2,3,4],[1.0,2.0,1.0,0.0,1.0]),0.0,0.0]
[(5,[0,1,2,3,4],[1.0,2.0,0.0,0.0,1.0]),1.0,0.0]
[(5,[0,1,2,3,4],[1.0,0.0,2.0,1.0,0.0]),3.0,0.0]
[(5,[0,1,2,3,4],[1.0,0.0,2.0,0.0,1.0]),0.0,0.0]
[(5,[0,1,2,3,4],[1.0,2.0,3.0,1.0,0.0]),0.0,0.0]
[(5,[0,1,2,3,4],[1.0,2.0,1.0,0.0,0.0]),0.0,0.0]
[(5,[0,1,2,3,4],[1.0,2.0,2.0,1.0,0.0]),0.0,0.0]
[(5,[0,1,2,3,4],[1.0,2.0,3.0,1.0,0.0]),0.0,0.0]
[(5,[0,1,2,3,4],[1.0,0.0,3.0,0.0,0.0]),0.0,0.0]
[(5,[0,1,2,3,4],[1.0,2.0,3.0,1.0,0.0]),0.0,0.0]
[(5,[0,1,2,3,4],[1.0,2.0,1.0,0.0,0.0]),3.0,0.0]
[(5,[0,1,2,3,4],[1.0,0.0,1.0,0.0,0.0]),0.0,0.0]
[(5,[0,1,2,3,4],[1.0,2.0,2.0,1.0,0.0]),1.0,0.0]
[(5,[0,1,2,3,4],[1.0,0.0,2.0,0.0,1.0]),0.0,0.0]
[(5,[0,1,2,3,4],[1.0,2.0,1.0,1.0,0.0]),1.0,0.0]
[(5,[0,1,2,3,4],[1.0,0.0,2.0,1.0,0.0]),3.0,0.0]
[(5,[0,1,2,3,4],[1.0,2.0,3.0,1.0,1.0]),0.0,0.0]
[(5,[0,1,2,3,4],[1.0,2.0,2.0,1.0,0.0]),1.0,0.0]
[(5,[0,1,2,3,4],[1.0,0.0,2.0,1.0,0.0]),0.0,0.0]
[(5,[0,1,2,3,4],[1.0,0.0,3.0,1.0,0.0]),0.0,0.0]
[(5,[0,1,2,3,4],[1.0,0.0,0.0,1.0,1.0]),0.0,0.0]
[(5,[0,1,2,3,4],[1.0,0.0,1.0,1.0,0.0]),0.0,0.0]
[(5,[0,1,2,3,4],[1.0,0.0,3.0,0.0,1.0]),0.0,0.0]
[(5,[0,1,2,3,4],[1.0,0.0,1.0,1.0,0.0]),0.0,0.0]
[(5,[0,1,2,3,4],[1.0,0.0,2.0,1.0,1.0]),3.0,0.0]
[(5,[0,1,2,3,4],[1.0,2.0,1.0,0.0,1.0]),2.0,0.0]
[(5,[0,1,2,3,4],[1.0,2.0,3.0,1.0,1.0]),3.0,0.0]
[(5,[0,1,2,3,4],[1.0,2.0,2.0,0.0,0.0]),3.0,0.0]
[(5,[0,1,2,3,4],[1.0,0.0,2.0,1.0,1.0]),0.0,0.0]
[(5,[0,1,2,3,4],[1.0,2.0,0.0,1.0,0.0]),3.0,0.0]
[(5,[0,1,2,3,4],[1.0,2.0,1.0,1.0,1.0]),1.0,0.0]
[(5,[0,1,2,3,4],[1.0,0.0,2.0,1.0,0.0]),0.0,0.0]
[(5,[0,1,2,3,4],[1.0,2.0,0.0,1.0,0.0]),0.0,0.0]
[(5,[0,1,2,3,4],[1.0,0.0,1.0,1.0,0.0]),1.0,0.0]
[(5,[0,1,2,3,4],[1.0,0.0,1.0,1.0,1.0]),3.0,0.0]
[(5,[0,1,2,3,4],[1.0,2.0,1.0,1.0,0.0]),1.0,0.0]
[(5,[0,1,2,3,4],[1.0,0.0,0.0,0.0,1.0]),0.0,0.0]
[(5,[0,1,2,3,4],[1.0,2.0,0.0,1.0,0.0]),1.0,0.0]
[(5,[0,1,2,3,4],[1.0,0.0,2.0,0.0,0.0]),0.0,0.0]
[(5,[0,1,2,3,4],[1.0,0.0,0.0,0.0,1.0]),3.0,0.0]
[(5,[0,1,2,3,4],[1.0,0.0,0.0,1.0,1.0]),3.0,0.0]
[(5,[0,1,2,3,4],[1.0,2.0,0.0,0.0,0.0]),3.0,0.0]
[(5,[0,1,2,3,4],[1.0,0.0,3.0,1.0,0.0]),0.0,0.0]
[(5,[0,1,2,3,4],[1.0,2.0,3.0,1.0,1.0]),0.0,0.0]
[(5,[0,1,2,3,4],[1.0,0.0,0.0,1.0,1.0]),1.0,0.0]
[(5,[0,1,2,3,4],[1.0,0.0,0.0,1.0,0.0]),3.0,0.0]
[(5,[0,1,2,3,4],[1.0,2.0,2.0,1.0,1.0]),0.0,0.0]
[(5,[0,1,2,3,4],[1.0,0.0,2.0,0.0,0.0]),2.0,0.0]
[(5,[0,1,2,3,4],[1.0,0.0,3.0,0.0,1.0]),1.0,0.0]
[(5,[0,1,2,3,4],[1.0,0.0,0.0,0.0,1.0]),1.0,0.0]
[(5,[0,1,2,3,4],[1.0,0.0,3.0,0.0,0.0]),3.0,0.0]
[(5,[0,1,2,3,4],[1.0,0.0,3.0,1.0,1.0]),0.0,0.0]
[(5,[0,1,2,3,4],[1.0,2.0,2.0,1.0,1.0]),0.0,0.0]
[(5,[0,1,2,3,4],[1.0,2.0,2.0,1.0,1.0]),2.0,0.0]
[(5,[0,1,2,3,4],[1.0,0.0,1.0,1.0,0.0]),0.0,0.0]
[(5,[0,1,2,3,4],[1.0,0.0,2.0,1.0,1.0]),2.0,0.0]
[(5,[0,1,2,3,4],[1.0,2.0,3.0,0.0,1.0]),2.0,0.0]
[(5,[0,1,2,3,4],[1.0,0.0,0.0,1.0,0.0]),3.0,0.0]
[(5,[0,1,2,3,4],[1.0,2.0,3.0,1.0,0.0]),1.0,0.0]
[(5,[0,1,2,3,4],[1.0,2.0,0.0,0.0,0.0]),0.0,0.0]
[(5,[0,1,2,3,4],[1.0,2.0,0.0,1.0,1.0]),2.0,0.0]
[(5,[0,1,2,3,4],[1.0,0.0,0.0,0.0,1.0]),2.0,0.0]
[(5,[0,1,2,3,4],[1.0,2.0,0.0,0.0,1.0]),0.0,0.0]
[(5,[0,1,2,3,4],[1.0,0.0,1.0,0.0,0.0]),2.0,0.0]
[(5,[0,1,2,3,4],[1.0,0.0,0.0,1.0,0.0]),1.0,0.0]
[(5,[0,1,2,3,4],[1.0,0.0,3.0,0.0,1.0]),2.0,0.0]
[(5,[0,1,2,3,4],[1.0,2.0,1.0,0.0,1.0]),0.0,0.0]
[(5,[0,1,2,3,4],[1.0,2.0,0.0,1.0,0.0]),2.0,0.0]
[(5,[0,1,2,3,4],[1.0,2.0,0.0,0.0,0.0]),0.0,0.0]
[(5,[0,1,2,3,4],[1.0,0.0,2.0,1.0,0.0]),0.0,0.0]
[(5,[0,1,2,3,4],[1.0,2.0,2.0,1.0,0.0]),1.0,0.0]
[(5,[0,1,2,3,4],[1.0,2.0,3.0,1.0,0.0]),0.0,0.0]
[(5,[0,1,2,3,4],[1.0,2.0,0.0,0.0,0.0]),0.0,0.0]
[(5,[0,1,2,3,4],[1.0,2.0,1.0,1.0,0.0]),0.0,0.0]
[(5,[0,1,2,3,4],[1.0,0.0,1.0,0.0,0.0]),0.0,0.0]
[(5,[0,1,2,3,4],[1.0,2.0,0.0,0.0,1.0]),3.0,0.0]
[(5,[0,1,2,3,4],[1.0,0.0,2.0,1.0,0.0]),2.0,0.0]
[(5,[0,1,2,3,4],[1.0,2.0,0.0,0.0,0.0]),1.0,0.0]
[(5,[0,1,2,3,4],[1.0,0.0,2.0,1.0,0.0]),0.0,0.0]
[(5,[0,1,2,3,4],[1.0,0.0,2.0,0.0,0.0]),0.0,0.0]
[(5,[0,1,2,3,4],[1.0,2.0,3.0,0.0,0.0]),1.0,0.0]
[(5,[0,1,2,3,4],[1.0,2.0,1.0,0.0,0.0]),1.0,0.0]
[(5,[0,1,2,3,4],[1.0,0.0,0.0,1.0,0.0]),3.0,0.0]
[(5,[0,1,2,3,4],[1.0,0.0,1.0,0.0,0.0]),3.0,0.0]
[(5,[0,1,2,3,4],[1.0,0.0,1.0,0.0,0.0]),2.0,0.0]
[(5,[0,1,2,3,4],[1.0,2.0,0.0,1.0,0.0]),0.0,0.0]
[(5,[0,1,2,3,4],[1.0,2.0,1.0,0.0,1.0]),0.0,0.0]
[(5,[0,1,2,3,4],[1.0,2.0,1.0,1.0,1.0]),1.0,0.0]
[(5,[0,1,2,3,4],[1.0,0.0,2.0,0.0,1.0]),2.0,0.0]
[(5,[0,1,2,3,4],[1.0,2.0,0.0,0.0,0.0]),0.0,0.0]
[(5,[0,1,2,3,4],[1.0,2.0,3.0,1.0,1.0]),3.0,0.0]
[(5,[0,1,2,3,4],[1.0,0.0,3.0,1.0,1.0]),2.0,0.0]
[(5,[0,1,2,3,4],[1.0,0.0,0.0,0.0,0.0]),2.0,0.0]
[(5,[0,1,2,3,4],[1.0,0.0,3.0,0.0,1.0]),2.0,0.0]
[(5,[0,1,2,3,4],[1.0,2.0,2.0,0.0,0.0]),1.0,0.0]
[(5,[0,1,2,3,4],[1.0,2.0,0.0,0.0,0.0]),0.0,0.0]
[(5,[0,1,2,3,4],[1.0,2.0,2.0,0.0,1.0]),0.0,0.0]
[(5,[0,1,2,3,4],[1.0,0.0,3.0,0.0,0.0]),2.0,0.0]
[(5,[0,1,2,3,4],[1.0,2.0,1.0,0.0,0.0]),2.0,0.0]
[(5,[0,1,2,3,4],[1.0,2.0,0.0,1.0,1.0]),0.0,0.0]
[(5,[0,1,2,3,4],[1.0,0.0,1.0,1.0,1.0]),2.0,0.0]
[(5,[0,1,2,3,4],[1.0,0.0,0.0,0.0,0.0]),2.0,0.0]
[(5,[0,1,2,3,4],[1.0,0.0,3.0,0.0,0.0]),3.0,0.0]
[(5,[0,1,2,3,4],[1.0,2.0,3.0,0.0,1.0]),0.0,0.0]
[(5,[0,1,2,3,4],[1.0,2.0,2.0,1.0,0.0]),0.0,0.0]
[(5,[0,1,2,3,4],[1.0,0.0,1.0,0.0,0.0]),3.0,0.0]
[(5,[0,1,2,3,4],[1.0,2.0,0.0,1.0,0.0]),1.0,0.0]
[(5,[0,1,2,3,4],[1.0,2.0,0.0,0.0,1.0]),3.0,0.0]
[(5,[0,1,2,3,4],[1.0,0.0,0.0,1.0,0.0]),1.0,0.0]
[(5,[0,1,2,3,4],[1.0,2.0,0.0,0.0,0.0]),0.0,0.0]
[(5,[0,1,2,3,4],[1.0,2.0,1.0,0.0,0.0]),0.0,0.0]
[(5,[0,1,2,3,4],[1.0,2.0,1.0,1.0,1.0]),1.0,0.0]
[(5,[0,1,2,3,4],[1.0,2.0,0.0,1.0,1.0]),0.0,0.0]
[(5,[0,1,2,3,4],[1.0,0.0,2.0,0.0,0.0]),1.0,0.0]
[(5,[0,1,2,3,4],[1.0,2.0,0.0,1.0,1.0]),0.0,0.0]
[(5,[0,1,2,3,4],[1.0,2.0,3.0,1.0,0.0]),1.0,0.0]
[(5,[0,1,2,3,4],[1.0,2.0,1.0,1.0,0.0]),0.0,0.0]
[(5,[0,1,2,3,4],[1.0,2.0,3.0,0.0,0.0]),3.0,0.0]
[(5,[0,1,2,3,4],[1.0,0.0,3.0,1.0,1.0]),3.0,0.0]
[(5,[0,1,2,3,4],[1.0,0.0,3.0,0.0,1.0]),0.0,0.0]
[(5,[0,1,2,3,4],[1.0,0.0,2.0,0.0,1.0]),0.0,0.0]
[(5,[0,1,2,3,4],[1.0,0.0,2.0,1.0,1.0]),0.0,0.0]
[(5,[0,1,2,3,4],[1.0,0.0,3.0,0.0,1.0]),2.0,0.0]
[(5,[0,1,2,3,4],[1.0,2.0,3.0,0.0,0.0]),0.0,0.0]
[(5,[0,1,2,3,4],[1.0,0.0,2.0,0.0,1.0]),0.0,0.0]
[(5,[0,1,2,3,4],[1.0,2.0,0.0,0.0,0.0]),3.0,0.0]
[(5,[0,1,2,3,4],[1.0,0.0,3.0,0.0,1.0]),0.0,0.0]
[(5,[0,1,2,3,4],[1.0,0.0,2.0,1.0,1.0]),2.0,0.0]
[(5,[0,1,2,3,4],[1.0,2.0,3.0,1.0,1.0]),2.0,0.0]
[(5,[0,1,2,3,4],[1.0,0.0,0.0,1.0,0.0]),2.0,0.0]
[(5,[0,1,2,3,4],[1.0,0.0,0.0,1.0,1.0]),0.0,0.0]
[(5,[0,1,2,3,4],[1.0,0.0,1.0,1.0,0.0]),3.0,0.0]
[(5,[0,1,2,3,4],[1.0,2.0,3.0,0.0,0.0]),3.0,0.0]
[(5,[0,1,2,3,4],[1.0,2.0,2.0,1.0,1.0]),0.0,0.0]
[(5,[0,1,2,3,4],[1.0,2.0,2.0,0.0,1.0]),1.0,0.0]
[(5,[0,1,2,3,4],[1.0,2.0,0.0,1.0,0.0]),0.0,0.0]
[(5,[0,1,2,3,4],[1.0,0.0,1.0,1.0,1.0]),1.0,0.0]
[(5,[0,1,2,3,4],[1.0,2.0,2.0,1.0,1.0]),0.0,0.0]
[(5,[0,1,2,3,4],[1.0,2.0,0.0,0.0,0.0]),3.0,0.0]
[(5,[0,1,2,3,4],[1.0,0.0,0.0,0.0,0.0]),1.0,0.0]
[(5,[0,1,2,3,4],[1.0,0.0,0.0,1.0,1.0]),0.0,0.0]
[(5,[0,1,2,3,4],[1.0,0.0,2.0,0.0,0.0]),0.0,0.0]
[(5,[0,1,2,3,4],[1.0,0.0,0.0,1.0,1.0]),3.0,0.0]
[(5,[0,1,2,3,4],[1.0,0.0,0.0,0.0,0.0]),2.0,0.0]
[(5,[0,1,2,3,4],[1.0,0.0,2.0,0.0,0.0]),0.0,0.0]
[(5,[0,1,2,3,4],[1.0,0.0,0.0,1.0,0.0]),1.0,0.0]
[(5,[0,1,2,3,4],[1.0,0.0,1.0,1.0,0.0]),0.0,0.0]
[(5,[0,1,2,3,4],[1.0,2.0,3.0,0.0,1.0]),1.0,0.0]
[(5,[0,1,2,3,4],[1.0,2.0,3.0,0.0,0.0]),0.0,0.0]
[(5,[0,1,2,3,4],[1.0,2.0,1.0,0.0,1.0]),3.0,0.0]
[(5,[0,1,2,3,4],[1.0,2.0,0.0,1.0,1.0]),0.0,0.0]
[(5,[0,1,2,3,4],[1.0,2.0,2.0,0.0,1.0]),2.0,0.0]
[(5,[0,1,2,3,4],[1.0,0.0,3.0,0.0,1.0]),3.0,0.0]
[(5,[0,1,2,3,4],[1.0,2.0,2.0,0.0,1.0]),3.0,0.0]
[(5,[0,1,2,3,4],[1.0,2.0,0.0,0.0,1.0]),0.0,0.0]
[(5,[0,1,2,3,4],[1.0,0.0,3.0,1.0,1.0]),0.0,0.0]
[(5,[0,1,2,3,4],[1.0,0.0,3.0,0.0,1.0]),0.0,0.0]
[(5,[0,1,2,3,4],[1.0,0.0,3.0,0.0,1.0]),3.0,0.0]
[(5,[0,1,2,3,4],[1.0,0.0,0.0,0.0,1.0]),0.0,0.0]
[(5,[0,1,2,3,4],[1.0,0.0,1.0,0.0,1.0]),3.0,0.0]
[(5,[0,1,2,3,4],[1.0,2.0,2.0,1.0,1.0]),1.0,0.0]
[(5,[0,1,2,3,4],[1.0,2.0,2.0,0.0,1.0]),3.0,0.0]
[(5,[0,1,2,3,4],[1.0,0.0,2.0,1.0,0.0]),1.0,0.0]
[(5,[0,1,2,3,4],[1.0,0.0,0.0,0.0,1.0]),0.0,0.0]
[(5,[0,1,2,3,4],[1.0,0.0,2.0,0.0,1.0]),3.0,0.0]
[(5,[0,1,2,3,4],[1.0,2.0,1.0,0.0,0.0]),0.0,0.0]
[(5,[0,1,2,3,4],[1.0,2.0,0.0,1.0,1.0]),0.0,0.0]
[(5,[0,1,2,3,4],[1.0,2.0,1.0,0.0,0.0]),0.0,0.0]
[(5,[0,1,2,3,4],[1.0,0.0,3.0,1.0,1.0]),3.0,0.0]
[(5,[0,1,2,3,4],[1.0,2.0,1.0,1.0,1.0]),3.0,0.0]
[(5,[0,1,2,3,4],[1.0,2.0,2.0,1.0,1.0]),1.0,0.0]
[(5,[0,1,2,3,4],[1.0,0.0,1.0,0.0,0.0]),1.0,0.0]
[(5,[0,1,2,3,4],[1.0,2.0,2.0,1.0,0.0]),3.0,0.0]
[(5,[0,1,2,3,4],[1.0,0.0,1.0,1.0,0.0]),2.0,0.0]
[(5,[0,1,2,3,4],[1.0,2.0,1.0,1.0,1.0]),1.0,0.0]
[(5,[0,1,2,3,4],[1.0,2.0,1.0,1.0,1.0]),3.0,0.0]
[(5,[0,1,2,3,4],[1.0,2.0,0.0,1.0,1.0]),1.0,0.0]
[(5,[0,1,2,3,4],[1.0,2.0,2.0,0.0,1.0]),3.0,0.0]
[(5,[0,1,2,3,4],[1.0,2.0,3.0,0.0,0.0]),1.0,0.0]
[(5,[0,1,2,3,4],[1.0,0.0,2.0,0.0,0.0]),0.0,0.0]
[(5,[0,1,2,3,4],[1.0,2.0,3.0,0.0,1.0]),2.0,0.0]
[(5,[0,1,2,3,4],[1.0,0.0,2.0,0.0,0.0]),0.0,0.0]
[(5,[0,1,2,3,4],[1.0,2.0,0.0,0.0,1.0]),1.0,0.0]
[(5,[0,1,2,3,4],[1.0,2.0,0.0,1.0,1.0]),0.0,0.0]
[(5,[0,1,2,3,4],[1.0,0.0,1.0,0.0,1.0]),3.0,0.0]
[(5,[0,1,2,3,4],[1.0,0.0,2.0,0.0,0.0]),1.0,0.0]
[(5,[0,1,2,3,4],[1.0,0.0,3.0,0.0,0.0]),2.0,0.0]
[(5,[0,1,2,3,4],[1.0,0.0,2.0,1.0,1.0]),0.0,0.0]
[(5,[0,1,2,3,4],[1.0,0.0,1.0,1.0,0.0]),0.0,0.0]
[(5,[0,1,2,3,4],[1.0,2.0,1.0,1.0,1.0]),1.0,0.0]
[(5,[0,1,2,3,4],[1.0,0.0,0.0,1.0,0.0]),0.0,0.0]
[(5,[0,1,2,3,4],[1.0,0.0,1.0,0.0,0.0]),0.0,0.0]
[(5,[0,1,2,3,4],[1.0,2.0,2.0,0.0,0.0]),2.0,0.0]
[(5,[0,1,2,3,4],[1.0,0.0,2.0,1.0,0.0]),1.0,0.0]
[(5,[0,1,2,3,4],[1.0,0.0,3.0,0.0,0.0]),0.0,0.0]
[(5,[0,1,2,3,4],[1.0,0.0,0.0,1.0,0.0]),0.0,0.0]
[(5,[0,1,2,3,4],[1.0,2.0,1.0,1.0,1.0]),2.0,0.0]
[(5,[0,1,2,3,4],[1.0,2.0,3.0,0.0,0.0]),1.0,0.0]
[(5,[0,1,2,3,4],[1.0,0.0,2.0,1.0,1.0]),2.0,0.0]
[(5,[0,1,2,3,4],[1.0,0.0,1.0,0.0,0.0]),1.0,0.0]
[(5,[0,1,2,3,4],[1.0,0.0,1.0,0.0,1.0]),1.0,0.0]
[(5,[0,1,2,3,4],[1.0,2.0,0.0,1.0,1.0]),0.0,0.0]
[(5,[0,1,2,3,4],[1.0,2.0,0.0,0.0,0.0]),0.0,0.0]
[(5,[0,1,2,3,4],[1.0,0.0,0.0,1.0,0.0]),0.0,0.0]
[(5,[0,1,2,3,4],[1.0,2.0,2.0,0.0,0.0]),0.0,0.0]
[(5,[0,1,2,3,4],[1.0,2.0,0.0,0.0,0.0]),3.0,0.0]
[(5,[0,1,2,3,4],[1.0,2.0,3.0,0.0,1.0]),2.0,0.0]
[(5,[0,1,2,3,4],[1.0,2.0,2.0,1.0,0.0]),2.0,0.0]
[(5,[0,1,2,3,4],[1.0,0.0,1.0,1.0,1.0]),1.0,0.0]
[(5,[0,1,2,3,4],[1.0,0.0,3.0,1.0,1.0]),0.0,0.0]
[(5,[0,1,2,3,4],[1.0,0.0,1.0,0.0,1.0]),3.0,0.0]
[(5,[0,1,2,3,4],[1.0,0.0,2.0,0.0,1.0]),0.0,0.0]
[(5,[0,1,2,3,4],[1.0,0.0,2.0,1.0,0.0]),0.0,0.0]
[(5,[0,1,2,3,4],[1.0,0.0,0.0,1.0,1.0]),1.0,0.0]
[(5,[0,1,2,3,4],[1.0,2.0,3.0,1.0,1.0]),0.0,0.0]
[(5,[0,1,2,3,4],[1.0,2.0,3.0,1.0,1.0]),3.0,0.0]
[(5,[0,1,2,3,4],[1.0,0.0,1.0,1.0,1.0]),0.0,0.0]
[(5,[0,1,2,3,4],[1.0,0.0,2.0,1.0,1.0]),0.0,0.0]
[(5,[0,1,2,3,4],[1.0,2.0,3.0,0.0,0.0]),2.0,0.0]
[(5,[0,1,2,3,4],[1.0,2.0,2.0,0.0,1.0]),1.0,0.0]
[(5,[0,1,2,3,4],[1.0,2.0,0.0,1.0,1.0]),0.0,0.0]
[(5,[0,1,2,3,4],[1.0,0.0,1.0,0.0,0.0]),3.0,0.0]
[(5,[0,1,2,3,4],[1.0,2.0,3.0,1.0,1.0]),0.0,0.0]
[(5,[0,1,2,3,4],[1.0,2.0,2.0,0.0,1.0]),3.0,0.0]
[(5,[0,1,2,3,4],[1.0,0.0,2.0,1.0,1.0]),0.0,0.0]
[(5,[0,1,2,3,4],[1.0,0.0,2.0,0.0,1.0]),0.0,0.0]
[(5,[0,1,2,3,4],[1.0,2.0,2.0,0.0,0.0]),2.0,0.0]
[(5,[0,1,2,3,4],[1.0,2.0,3.0,0.0,1.0]),3.0,0.0]
[(5,[0,1,2,3,4],[1.0,2.0,1.0,1.0,1.0]),0.0,0.0]
[(5,[0,1,2,3,4],[1.0,0.0,0.0,0.0,1.0]),0.0,0.0]
[(5,[0,1,2,3,4],[1.0,2.0,2.0,0.0,0.0]),2.0,0.0]
[(5,[0,1,2,3,4],[1.0,2.0,0.0,0.0,0.0]),2.0,0.0]
[(5,[0,1,2,3,4],[1.0,2.0,0.0,0.0,1.0]),2.0,0.0]
[(5,[0,1,2,3,4],[1.0,2.0,2.0,0.0,0.0]),2.0,0.0]
[(5,[0,1,2,3,4],[1.0,0.0,3.0,1.0,1.0]),1.0,0.0]
[(5,[0,1,2,3,4],[1.0,0.0,3.0,0.0,1.0]),0.0,0.0]
[(5,[0,1,2,3,4],[1.0,2.0,0.0,0.0,0.0]),2.0,0.0]
[(5,[0,1,2,3,4],[1.0,2.0,3.0,0.0,1.0]),0.0,0.0]
[(5,[0,1,2,3,4],[1.0,2.0,1.0,0.0,0.0]),2.0,0.0]
[(5,[0,1,2,3,4],[1.0,0.0,2.0,0.0,1.0]),3.0,0.0]
[(5,[0,1,2,3,4],[1.0,0.0,0.0,0.0,1.0]),2.0,0.0]
[(5,[0,1,2,3,4],[1.0,2.0,0.0,1.0,0.0]),3.0,0.0]
[(5,[0,1,2,3,4],[1.0,2.0,1.0,1.0,0.0]),0.0,0.0]
[(5,[0,1,2,3,4],[1.0,0.0,2.0,0.0,1.0]),2.0,0.0]
[(5,[0,1,2,3,4],[1.0,0.0,2.0,0.0,0.0]),1.0,0.0]
[(5,[0,1,2,3,4],[1.0,2.0,0.0,0.0,1.0]),0.0,0.0]
[(5,[0,1,2,3,4],[1.0,0.0,0.0,0.0,0.0]),1.0,0.0]
[(5,[0,1,2,3,4],[1.0,2.0,3.0,0.0,0.0]),0.0,0.0]
[(5,[0,1,2,3,4],[1.0,0.0,0.0,1.0,1.0]),3.0,0.0]
[(5,[0,1,2,3,4],[1.0,0.0,0.0,1.0,1.0]),2.0,0.0]
[(5,[0,1,2,3,4],[1.0,2.0,3.0,1.0,1.0]),0.0,0.0]
[(5,[0,1,2,3,4],[1.0,2.0,1.0,1.0,1.0]),2.0,0.0]
[(5,[0,1,2,3,4],[1.0,2.0,3.0,1.0,1.0]),3.0,0.0]
[(5,[0,1,2,3,4],[1.0,0.0,2.0,1.0,0.0]),2.0,0.0]
[(5,[0,1,2,3,4],[1.0,2.0,3.0,0.0,0.0]),0.0,0.0]
[(5,[0,1,2,3,4],[1.0,2.0,2.0,1.0,0.0]),1.0,0.0]
[(5,[0,1,2,3,4],[1.0,0.0,2.0,1.0,0.0]),2.0,0.0]
[(5,[0,1,2,3,4],[1.0,0.0,3.0,1.0,1.0]),0.0,0.0]
[(5,[0,1,2,3,4],[1.0,0.0,0.0,0.0,1.0]),2.0,0.0]
[(5,[0,1,2,3,4],[1.0,0.0,1.0,0.0,0.0]),1.0,0.0]
[(5,[0,1,2,3,4],[1.0,2.0,3.0,0.0,0.0]),3.0,0.0]
[(5,[0,1,2,3,4],[1.0,0.0,3.0,0.0,1.0]),0.0,0.0]
[(5,[0,1,2,3,4],[1.0,0.0,2.0,1.0,1.0]),0.0,0.0]
[(5,[0,1,2,3,4],[1.0,0.0,1.0,1.0,1.0]),0.0,0.0]
[(5,[0,1,2,3,4],[1.0,2.0,3.0,1.0,1.0]),1.0,0.0]
[(5,[0,1,2,3,4],[1.0,2.0,2.0,0.0,0.0]),0.0,0.0]
[(5,[0,1,2,3,4],[1.0,0.0,3.0,0.0,1.0]),3.0,0.0]
[(5,[0,1,2,3,4],[1.0,2.0,2.0,0.0,1.0]),0.0,0.0]
[(5,[0,1,2,3,4],[1.0,0.0,2.0,0.0,0.0]),2.0,0.0]
[(5,[0,1,2,3,4],[1.0,2.0,0.0,0.0,1.0]),3.0,0.0]
[(5,[0,1,2,3,4],[1.0,2.0,1.0,1.0,1.0]),1.0,0.0]
[(5,[0,1,2,3,4],[1.0,0.0,3.0,1.0,1.0]),2.0,0.0]
[(5,[0,1,2,3,4],[1.0,2.0,0.0,1.0,0.0]),1.0,0.0]
[(5,[0,1,2,3,4],[1.0,0.0,0.0,0.0,0.0]),0.0,0.0]
[(5,[0,1,2,3,4],[1.0,0.0,3.0,0.0,1.0]),2.0,0.0]
[(5,[0,1,2,3,4],[1.0,0.0,1.0,0.0,1.0]),0.0,0.0]
[(5,[0,1,2,3,4],[1.0,0.0,1.0,0.0,1.0]),1.0,0.0]
[(5,[0,1,2,3,4],[1.0,2.0,3.0,1.0,0.0]),3.0,0.0]
[(5,[0,1,2,3,4],[1.0,2.0,2.0,0.0,1.0]),3.0,0.0]
[(5,[0,1,2,3,4],[1.0,0.0,0.0,1.0,0.0]),1.0,0.0]
[(5,[0,1,2,3,4],[1.0,0.0,1.0,0.0,1.0]),0.0,0.0]
[(5,[0,1,2,3,4],[1.0,2.0,2.0,0.0,1.0]),0.0,0.0]
[(5,[0,1,2,3,4],[1.0,0.0,1.0,0.0,0.0]),0.0,0.0]
[(5,[0,1,2,3,4],[1.0,2.0,3.0,1.0,1.0]),1.0,0.0]
[(5,[0,1,2,3,4],[1.0,0.0,3.0,0.0,1.0]),0.0,0.0]
[(5,[0,1,2,3,4],[1.0,2.0,2.0,0.0,1.0]),0.0,0.0]
[(5,[0,1,2,3,4],[1.0,0.0,2.0,0.0,0.0]),2.0,0.0]
[(5,[0,1,2,3,4],[1.0,2.0,1.0,0.0,0.0]),2.0,0.0]
[(5,[0,1,2,3,4],[1.0,2.0,0.0,0.0,0.0]),0.0,0.0]
[(5,[0,1,2,3,4],[1.0,2.0,0.0,1.0,1.0]),0.0,0.0]
[(5,[0,1,2,3,4],[1.0,2.0,3.0,1.0,1.0]),1.0,0.0]
[(5,[0,1,2,3,4],[1.0,2.0,0.0,0.0,1.0]),0.0,0.0]
[(5,[0,1,2,3,4],[1.0,0.0,0.0,0.0,1.0]),2.0,0.0]
[(5,[0,1,2,3,4],[1.0,2.0,3.0,0.0,1.0]),3.0,0.0]
[(5,[0,1,2,3,4],[1.0,2.0,1.0,0.0,0.0]),3.0,0.0]
[(5,[0,1,2,3,4],[1.0,2.0,0.0,0.0,0.0]),0.0,0.0]
[(5,[0,1,2,3,4],[1.0,2.0,0.0,0.0,0.0]),0.0,0.0]
[(5,[0,1,2,3,4],[1.0,2.0,1.0,0.0,0.0]),3.0,0.0]
[(5,[0,1,2,3,4],[1.0,2.0,3.0,0.0,0.0]),3.0,0.0]
[(5,[0,1,2,3,4],[1.0,0.0,1.0,1.0,1.0]),2.0,0.0]
[(5,[0,1,2,3,4],[1.0,0.0,1.0,1.0,0.0]),1.0,0.0]
[(5,[0,1,2,3,4],[1.0,2.0,0.0,1.0,0.0]),0.0,0.0]
[(5,[0,1,2,3,4],[1.0,2.0,0.0,1.0,0.0]),2.0,0.0]
[(5,[0,1,2,3,4],[1.0,0.0,3.0,1.0,1.0]),0.0,0.0]
[(5,[0,1,2,3,4],[1.0,2.0,2.0,1.0,1.0]),0.0,0.0]
[(5,[0,1,2,3,4],[1.0,0.0,3.0,1.0,0.0]),2.0,0.0]
[(5,[0,1,2,3,4],[1.0,0.0,3.0,1.0,0.0]),0.0,0.0]
[(5,[0,1,2,3,4],[1.0,2.0,1.0,1.0,1.0]),3.0,0.0]
[(5,[0,1,2,3,4],[1.0,0.0,1.0,1.0,1.0]),2.0,0.0]
[(5,[0,1,2,3,4],[1.0,2.0,2.0,0.0,0.0]),0.0,0.0]
[(5,[0,1,2,3,4],[1.0,2.0,2.0,0.0,1.0]),2.0,0.0]
[(5,[0,1,2,3,4],[1.0,0.0,3.0,1.0,1.0]),0.0,0.0]
[(5,[0,1,2,3,4],[1.0,0.0,3.0,0.0,1.0]),3.0,0.0]
[(5,[0,1,2,3,4],[1.0,2.0,3.0,1.0,1.0]),0.0,0.0]
[(5,[0,1,2,3,4],[1.0,2.0,2.0,0.0,1.0]),0.0,0.0]
[(5,[0,1,2,3,4],[1.0,2.0,3.0,1.0,0.0]),0.0,0.0]
[(5,[0,1,2,3,4],[1.0,2.0,0.0,1.0,0.0]),3.0,0.0]
[(5,[0,1,2,3,4],[1.0,2.0,3.0,0.0,1.0]),2.0,0.0]
[(5,[0,1,2,3,4],[1.0,0.0,0.0,1.0,1.0]),3.0,0.0]
[(5,[0,1,2,3,4],[1.0,0.0,1.0,0.0,1.0]),0.0,0.0]
[(5,[0,1,2,3,4],[1.0,0.0,2.0,0.0,0.0]),1.0,0.0]
[(5,[0,1,2,3,4],[1.0,2.0,0.0,1.0,0.0]),1.0,0.0]
[(5,[0,1,2,3,4],[1.0,0.0,0.0,0.0,0.0]),2.0,0.0]
[(5,[0,1,2,3,4],[1.0,2.0,2.0,1.0,0.0]),1.0,0.0]
[(5,[0,1,2,3,4],[1.0,0.0,2.0,0.0,1.0]),1.0,0.0]
[(5,[0,1,2,3,4],[1.0,2.0,2.0,1.0,0.0]),3.0,0.0]
[(5,[0,1,2,3,4],[1.0,2.0,2.0,0.0,1.0]),1.0,0.0]
[(5,[0,1,2,3,4],[1.0,0.0,0.0,0.0,1.0]),1.0,0.0]
[(5,[0,1,2,3,4],[1.0,0.0,3.0,1.0,0.0]),3.0,0.0]
[(5,[0,1,2,3,4],[1.0,0.0,3.0,0.0,1.0]),2.0,0.0]
[(5,[0,1,2,3,4],[1.0,0.0,0.0,1.0,0.0]),1.0,0.0]
[(5,[0,1,2,3,4],[1.0,2.0,2.0,1.0,0.0]),2.0,0.0]
[(5,[0,1,2,3,4],[1.0,0.0,0.0,0.0,1.0]),2.0,0.0]
[(5,[0,1,2,3,4],[1.0,2.0,1.0,1.0,1.0]),1.0,0.0]
[(5,[0,1,2,3,4],[1.0,2.0,3.0,0.0,0.0]),1.0,0.0]
[(5,[0,1,2,3,4],[1.0,0.0,3.0,1.0,0.0]),1.0,0.0]
[(5,[0,1,2,3,4],[1.0,2.0,1.0,1.0,0.0]),3.0,0.0]
[(5,[0,1,2,3,4],[1.0,0.0,0.0,0.0,1.0]),1.0,0.0]
[(5,[0,1,2,3,4],[1.0,2.0,1.0,1.0,1.0]),0.0,0.0]
[(5,[0,1,2,3,4],[1.0,2.0,3.0,0.0,0.0]),2.0,0.0]
[(5,[0,1,2,3,4],[1.0,0.0,0.0,1.0,0.0]),3.0,0.0]
[(5,[0,1,2,3,4],[1.0,0.0,0.0,1.0,1.0]),2.0,0.0]
[(5,[0,1,2,3,4],[1.0,0.0,2.0,0.0,0.0]),1.0,0.0]
[(5,[0,1,2,3,4],[1.0,2.0,3.0,1.0,1.0]),1.0,0.0]
[(5,[0,1,2,3,4],[1.0,2.0,2.0,0.0,0.0]),2.0,0.0]
[(5,[0,1,2,3,4],[1.0,0.0,3.0,1.0,1.0]),0.0,0.0]
[(5,[0,1,2,3,4],[1.0,2.0,0.0,0.0,1.0]),1.0,0.0]
[(5,[0,1,2,3,4],[1.0,0.0,1.0,0.0,0.0]),2.0,0.0]
[(5,[0,1,2,3,4],[1.0,2.0,3.0,1.0,0.0]),2.0,0.0]
[(5,[0,1,2,3,4],[1.0,0.0,2.0,1.0,0.0]),1.0,0.0]
[(5,[0,1,2,3,4],[1.0,0.0,0.0,1.0,0.0]),3.0,0.0]
[(5,[0,1,2,3,4],[1.0,2.0,2.0,0.0,1.0]),3.0,0.0]
[(5,[0,1,2,3,4],[1.0,2.0,0.0,1.0,1.0]),3.0,0.0]
[(5,[0,1,2,3,4],[1.0,2.0,3.0,1.0,1.0]),1.0,0.0]
[(5,[0,1,2,3,4],[1.0,0.0,2.0,0.0,0.0]),2.0,0.0]
[(5,[0,1,2,3,4],[1.0,2.0,2.0,1.0,1.0]),1.0,0.0]
[(5,[0,1,2,3,4],[1.0,2.0,2.0,1.0,1.0]),0.0,0.0]
[(5,[0,1,2,3,4],[1.0,2.0,2.0,0.0,1.0]),2.0,0.0]
[(5,[0,1,2,3,4],[1.0,2.0,2.0,0.0,1.0]),1.0,0.0]
[(5,[0,1,2,3,4],[1.0,2.0,2.0,1.0,1.0]),0.0,0.0]
[(5,[0,1,2,3,4],[1.0,2.0,0.0,1.0,0.0]),3.0,0.0]
[(5,[0,1,2,3,4],[1.0,2.0,0.0,1.0,0.0]),3.0,0.0]
[(5,[0,1,2,3,4],[1.0,2.0,1.0,0.0,0.0]),0.0,0.0]
[(5,[0,1,2,3,4],[1.0,2.0,0.0,1.0,0.0]),0.0,0.0]
[(5,[0,1,2,3,4],[1.0,2.0,2.0,1.0,0.0]),0.0,0.0]
[(5,[0,1,2,3,4],[1.0,0.0,0.0,1.0,0.0]),0.0,0.0]
[(5,[0,1,2,3,4],[1.0,0.0,3.0,0.0,1.0]),3.0,0.0]
[(5,[0,1,2,3,4],[1.0,2.0,3.0,1.0,0.0]),1.0,0.0]
[(5,[0,1,2,3,4],[1.0,0.0,3.0,1.0,0.0]),0.0,0.0]
[(5,[0,1,2,3,4],[1.0,0.0,0.0,1.0,1.0]),2.0,0.0]
[(5,[0,1,2,3,4],[1.0,2.0,1.0,0.0,1.0]),3.0,0.0]
[(5,[0,1,2,3,4],[1.0,0.0,0.0,1.0,1.0]),0.0,0.0]
[(5,[0,1,2,3,4],[1.0,0.0,2.0,0.0,1.0]),0.0,0.0]
[(5,[0,1,2,3,4],[1.0,0.0,1.0,0.0,0.0]),0.0,0.0]
[(5,[0,1,2,3,4],[1.0,0.0,0.0,0.0,0.0]),2.0,0.0]
[(5,[0,1,2,3,4],[1.0,0.0,3.0,1.0,0.0]),3.0,0.0]
[(5,[0,1,2,3,4],[1.0,0.0,1.0,1.0,1.0]),2.0,0.0]
[(5,[0,1,2,3,4],[1.0,0.0,1.0,0.0,0.0]),0.0,0.0]
[(5,[0,1,2,3,4],[1.0,0.0,1.0,1.0,0.0]),0.0,0.0]
[(5,[0,1,2,3,4],[1.0,0.0,0.0,1.0,0.0]),0.0,0.0]
[(5,[0,1,2,3,4],[1.0,0.0,3.0,0.0,0.0]),3.0,0.0]
[(5,[0,1,2,3,4],[1.0,2.0,0.0,0.0,1.0]),0.0,0.0]
[(5,[0,1,2,3,4],[1.0,2.0,3.0,1.0,0.0]),2.0,0.0]
[(5,[0,1,2,3,4],[1.0,2.0,1.0,0.0,1.0]),0.0,0.0]
[(5,[0,1,2,3,4],[1.0,0.0,3.0,1.0,1.0]),1.0,0.0]
[(5,[0,1,2,3,4],[1.0,0.0,0.0,0.0,0.0]),1.0,0.0]
[(5,[0,1,2,3,4],[1.0,2.0,3.0,0.0,0.0]),0.0,0.0]
[(5,[0,1,2,3,4],[1.0,2.0,2.0,1.0,1.0]),0.0,0.0]
[(5,[0,1,2,3,4],[1.0,0.0,3.0,1.0,0.0]),0.0,0.0]
[(5,[0,1,2,3,4],[1.0,2.0,0.0,1.0,0.0]),0.0,0.0]
[(5,[0,1,2,3,4],[1.0,0.0,3.0,1.0,0.0]),0.0,0.0]
[(5,[0,1,2,3,4],[1.0,0.0,2.0,0.0,1.0]),0.0,0.0]
[(5,[0,1,2,3,4],[1.0,0.0,1.0,0.0,0.0]),0.0,0.0]
[(5,[0,1,2,3,4],[1.0,2.0,0.0,0.0,1.0]),3.0,0.0]
[(5,[0,1,2,3,4],[1.0,0.0,2.0,0.0,0.0]),0.0,0.0]
[(5,[0,1,2,3,4],[1.0,0.0,0.0,0.0,1.0]),2.0,0.0]
[(5,[0,1,2,3,4],[1.0,0.0,1.0,0.0,1.0]),0.0,0.0]
[(5,[0,1,2,3,4],[1.0,2.0,1.0,1.0,0.0]),3.0,0.0]
[(5,[0,1,2,3,4],[1.0,2.0,0.0,1.0,1.0]),2.0,0.0]
[(5,[0,1,2,3,4],[1.0,2.0,0.0,1.0,1.0]),3.0,0.0]
[(5,[0,1,2,3,4],[1.0,0.0,2.0,1.0,1.0]),3.0,0.0]
[(5,[0,1,2,3,4],[1.0,2.0,2.0,0.0,0.0]),1.0,0.0]
[(5,[0,1,2,3,4],[1.0,0.0,3.0,1.0,0.0]),2.0,0.0]
[(5,[0,1,2,3,4],[1.0,2.0,0.0,0.0,0.0]),0.0,0.0]
[(5,[0,1,2,3,4],[1.0,0.0,3.0,0.0,1.0]),1.0,0.0]
[(5,[0,1,2,3,4],[1.0,0.0,1.0,1.0,1.0]),1.0,0.0]
[(5,[0,1,2,3,4],[1.0,2.0,3.0,0.0,1.0]),2.0,0.0]
[(5,[0,1,2,3,4],[1.0,2.0,1.0,0.0,1.0]),2.0,0.0]
[(5,[0,1,2,3,4],[1.0,0.0,2.0,0.0,1.0]),2.0,0.0]
[(5,[0,1,2,3,4],[1.0,2.0,2.0,0.0,0.0]),0.0,0.0]
[(5,[0,1,2,3,4],[1.0,0.0,0.0,0.0,0.0]),0.0,0.0]
[(5,[0,1,2,3,4],[1.0,0.0,0.0,0.0,1.0]),2.0,0.0]
[(5,[0,1,2,3,4],[1.0,0.0,2.0,0.0,0.0]),0.0,0.0]
[(5,[0,1,2,3,4],[1.0,0.0,1.0,0.0,0.0]),3.0,0.0]
[(5,[0,1,2,3,4],[1.0,0.0,1.0,1.0,1.0]),1.0,0.0]
[(5,[0,1,2,3,4],[1.0,2.0,0.0,1.0,1.0]),0.0,0.0]
[(5,[0,1,2,3,4],[1.0,2.0,2.0,0.0,0.0]),2.0,0.0]
[(5,[0,1,2,3,4],[1.0,0.0,2.0,0.0,1.0]),2.0,0.0]
[(5,[0,1,2,3,4],[1.0,0.0,1.0,1.0,1.0]),0.0,0.0]
[(5,[0,1,2,3,4],[1.0,2.0,3.0,1.0,1.0]),3.0,0.0]
[(5,[0,1,2,3,4],[1.0,0.0,1.0,1.0,0.0]),3.0,0.0]
[(5,[0,1,2,3,4],[1.0,0.0,0.0,1.0,0.0]),0.0,0.0]
[(5,[0,1,2,3,4],[1.0,2.0,2.0,1.0,0.0]),0.0,0.0]
[(5,[0,1,2,3,4],[1.0,0.0,1.0,1.0,0.0]),2.0,0.0]
[(5,[0,1,2,3,4],[1.0,2.0,3.0,1.0,0.0]),0.0,0.0]
[(5,[0,1,2,3,4],[1.0,2.0,3.0,1.0,0.0]),0.0,0.0]
[(5,[0,1,2,3,4],[1.0,2.0,2.0,0.0,1.0]),0.0,0.0]
[(5,[0,1,2,3,4],[1.0,0.0,2.0,1.0,0.0]),3.0,0.0]
[(5,[0,1,2,3,4],[1.0,0.0,3.0,0.0,1.0]),3.0,0.0]
[(5,[0,1,2,3,4],[1.0,2.0,0.0,0.0,1.0]),3.0,0.0]
[(5,[0,1,2,3,4],[1.0,0.0,0.0,0.0,0.0]),1.0,0.0]
[(5,[0,1,2,3,4],[1.0,0.0,0.0,1.0,0.0]),0.0,0.0]
[(5,[0,1,2,3,4],[1.0,2.0,2.0,0.0,1.0]),0.0,0.0]
[(5,[0,1,2,3,4],[1.0,0.0,2.0,0.0,0.0]),3.0,0.0]
[(5,[0,1,2,3,4],[1.0,2.0,3.0,1.0,0.0]),1.0,0.0]
[(5,[0,1,2,3,4],[1.0,2.0,2.0,0.0,0.0]),0.0,0.0]
[(5,[0,1,2,3,4],[1.0,2.0,3.0,1.0,1.0]),3.0,0.0]
[(5,[0,1,2,3,4],[1.0,2.0,3.0,0.0,0.0]),3.0,0.0]
[(5,[0,1,2,3,4],[1.0,0.0,3.0,1.0,0.0]),0.0,0.0]
[(5,[0,1,2,3,4],[1.0,2.0,2.0,0.0,1.0]),0.0,0.0]
[(5,[0,1,2,3,4],[1.0,2.0,3.0,1.0,0.0]),2.0,0.0]
[(5,[0,1,2,3,4],[1.0,0.0,2.0,0.0,1.0]),0.0,0.0]
[(5,[0,1,2,3,4],[1.0,0.0,0.0,0.0,1.0]),0.0,0.0]
[(5,[0,1,2,3,4],[1.0,2.0,0.0,0.0,1.0]),3.0,0.0]
[(5,[0,1,2,3,4],[1.0,2.0,0.0,1.0,0.0]),1.0,0.0]
[(5,[0,1,2,3,4],[1.0,0.0,0.0,0.0,0.0]),2.0,0.0]
[(5,[0,1,2,3,4],[1.0,0.0,1.0,1.0,0.0]),3.0,0.0]
[(5,[0,1,2,3,4],[1.0,2.0,3.0,1.0,1.0]),3.0,0.0]
[(5,[0,1,2,3,4],[1.0,2.0,2.0,1.0,1.0]),0.0,0.0]
[(5,[0,1,2,3,4],[1.0,2.0,3.0,1.0,0.0]),3.0,0.0]
[(5,[0,1,2,3,4],[1.0,0.0,0.0,1.0,0.0]),0.0,0.0]
[(5,[0,1,2,3,4],[1.0,2.0,1.0,1.0,0.0]),0.0,0.0]
[(5,[0,1,2,3,4],[1.0,0.0,3.0,0.0,1.0]),3.0,0.0]
[(5,[0,1,2,3,4],[1.0,0.0,1.0,0.0,1.0]),1.0,0.0]
[(5,[0,1,2,3,4],[1.0,2.0,0.0,1.0,0.0]),3.0,0.0]
[(5,[0,1,2,3,4],[1.0,2.0,3.0,0.0,0.0]),1.0,0.0]
[(5,[0,1,2,3,4],[1.0,0.0,2.0,0.0,0.0]),1.0,0.0]
[(5,[0,1,2,3,4],[1.0,0.0,3.0,1.0,1.0]),2.0,0.0]
[(5,[0,1,2,3,4],[1.0,2.0,0.0,1.0,0.0]),3.0,0.0]
[(5,[0,1,2,3,4],[1.0,0.0,1.0,0.0,0.0]),0.0,0.0]
[(5,[0,1,2,3,4],[1.0,0.0,2.0,0.0,0.0]),0.0,0.0]
[(5,[0,1,2,3,4],[1.0,0.0,2.0,0.0,0.0]),0.0,0.0]
[(5,[0,1,2,3,4],[1.0,0.0,0.0,0.0,1.0]),1.0,0.0]
[(5,[0,1,2,3,4],[1.0,0.0,0.0,1.0,0.0]),1.0,0.0]
[(5,[0,1,2,3,4],[1.0,2.0,0.0,0.0,0.0]),2.0,0.0]
[(5,[0,1,2,3,4],[1.0,0.0,2.0,1.0,0.0]),3.0,0.0]
[(5,[0,1,2,3,4],[1.0,0.0,1.0,1.0,1.0]),3.0,0.0]
[(5,[0,1,2,3,4],[1.0,2.0,3.0,0.0,0.0]),3.0,0.0]
[(5,[0,1,2,3,4],[1.0,2.0,2.0,1.0,0.0]),0.0,0.0]
[(5,[0,1,2,3,4],[1.0,2.0,0.0,0.0,0.0]),0.0,0.0]
[(5,[0,1,2,3,4],[1.0,0.0,0.0,0.0,1.0]),1.0,0.0]
[(5,[0,1,2,3,4],[1.0,2.0,1.0,0.0,1.0]),0.0,0.0]
[(5,[0,1,2,3,4],[1.0,0.0,2.0,1.0,0.0]),0.0,0.0]
[(5,[0,1,2,3,4],[1.0,0.0,3.0,1.0,1.0]),0.0,0.0]
[(5,[0,1,2,3,4],[1.0,2.0,2.0,1.0,0.0]),0.0,0.0]
[(5,[0,1,2,3,4],[1.0,2.0,0.0,1.0,0.0]),2.0,0.0]
[(5,[0,1,2,3,4],[1.0,0.0,2.0,0.0,1.0]),1.0,0.0]
[(5,[0,1,2,3,4],[1.0,2.0,0.0,0.0,1.0]),2.0,0.0]
[(5,[0,1,2,3,4],[1.0,0.0,1.0,1.0,0.0]),0.0,0.0]
[(5,[0,1,2,3,4],[1.0,2.0,0.0,1.0,0.0]),2.0,0.0]
[(5,[0,1,2,3,4],[1.0,2.0,2.0,1.0,0.0]),1.0,0.0]
[(5,[0,1,2,3,4],[1.0,0.0,3.0,0.0,1.0]),0.0,0.0]
[(5,[0,1,2,3,4],[1.0,2.0,0.0,0.0,0.0]),1.0,0.0]
[(5,[0,1,2,3,4],[1.0,0.0,2.0,0.0,1.0]),1.0,0.0]
[(5,[0,1,2,3,4],[1.0,2.0,1.0,0.0,1.0]),1.0,0.0]
[(5,[0,1,2,3,4],[1.0,2.0,0.0,1.0,0.0]),2.0,0.0]
[(5,[0,1,2,3,4],[1.0,2.0,3.0,1.0,1.0]),0.0,0.0]
[(5,[0,1,2,3,4],[1.0,2.0,2.0,0.0,1.0]),3.0,0.0]
[(5,[0,1,2,3,4],[1.0,2.0,1.0,1.0,0.0]),0.0,0.0]
[(5,[0,1,2,3,4],[1.0,0.0,3.0,0.0,1.0]),0.0,0.0]
[(5,[0,1,2,3,4],[1.0,0.0,2.0,0.0,1.0]),2.0,0.0]
[(5,[0,1,2,3,4],[1.0,2.0,1.0,1.0,0.0]),1.0,0.0]
[(5,[0,1,2,3,4],[1.0,2.0,3.0,0.0,0.0]),2.0,0.0]
[(5,[0,1,2,3,4],[1.0,0.0,0.0,1.0,0.0]),0.0,0.0]
[(5,[0,1,2,3,4],[1.0,2.0,0.0,0.0,0.0]),1.0,0.0]
[(5,[0,1,2,3,4],[1.0,0.0,2.0,1.0,0.0]),0.0,0.0]
[(5,[0,1,2,3,4],[1.0,2.0,0.0,1.0,0.0]),0.0,0.0]
[(5,[0,1,2,3,4],[1.0,2.0,0.0,0.0,0.0]),3.0,0.0]
[(5,[0,1,2,3,4],[1.0,0.0,3.0,0.0,1.0]),2.0,0.0]
[(5,[0,1,2,3,4],[1.0,2.0,0.0,1.0,0.0]),0.0,0.0]
[(5,[0,1,2,3,4],[1.0,0.0,1.0,0.0,0.0]),0.0,0.0]
[(5,[0,1,2,3,4],[1.0,2.0,2.0,1.0,0.0]),0.0,0.0]
[(5,[0,1,2,3,4],[1.0,2.0,0.0,0.0,1.0]),2.0,0.0]
[(5,[0,1,2,3,4],[1.0,2.0,2.0,1.0,0.0]),3.0,0.0]
[(5,[0,1,2,3,4],[1.0,2.0,2.0,0.0,1.0]),3.0,0.0]
[(5,[0,1,2,3,4],[1.0,2.0,0.0,1.0,1.0]),0.0,0.0]
[(5,[0,1,2,3,4],[1.0,0.0,1.0,1.0,1.0]),0.0,0.0]
[(5,[0,1,2,3,4],[1.0,0.0,0.0,0.0,1.0]),0.0,0.0]
[(5,[0,1,2,3,4],[1.0,2.0,2.0,1.0,0.0]),1.0,0.0]
[(5,[0,1,2,3,4],[1.0,2.0,0.0,1.0,1.0]),1.0,0.0]
[(5,[0,1,2,3,4],[1.0,2.0,0.0,1.0,1.0]),3.0,0.0]
[(5,[0,1,2,3,4],[1.0,0.0,0.0,0.0,0.0]),2.0,0.0]
[(5,[0,1,2,3,4],[1.0,2.0,2.0,1.0,1.0]),2.0,0.0]
[(5,[0,1,2,3,4],[1.0,0.0,3.0,1.0,1.0]),2.0,0.0]
[(5,[0,1,2,3,4],[1.0,0.0,3.0,1.0,1.0]),0.0,0.0]
[(5,[0,1,2,3,4],[1.0,0.0,3.0,0.0,0.0]),2.0,0.0]
[(5,[0,1,2,3,4],[1.0,0.0,1.0,1.0,0.0]),0.0,0.0]
[(5,[0,1,2,3,4],[1.0,2.0,0.0,1.0,0.0]),0.0,0.0]
[(5,[0,1,2,3,4],[1.0,0.0,3.0,0.0,1.0]),1.0,0.0]
[(5,[0,1,2,3,4],[1.0,0.0,3.0,0.0,1.0]),3.0,0.0]
[(5,[0,1,2,3,4],[1.0,0.0,3.0,1.0,1.0]),1.0,0.0]
[(5,[0,1,2,3,4],[1.0,2.0,3.0,0.0,1.0]),1.0,0.0]
[(5,[0,1,2,3,4],[1.0,2.0,1.0,0.0,1.0]),1.0,0.0]
[(5,[0,1,2,3,4],[1.0,2.0,2.0,1.0,0.0]),2.0,0.0]
[(5,[0,1,2,3,4],[1.0,2.0,0.0,1.0,1.0]),2.0,0.0]
[(5,[0,1,2,3,4],[1.0,2.0,0.0,1.0,0.0]),1.0,0.0]
[(5,[0,1,2,3,4],[1.0,2.0,0.0,1.0,1.0]),0.0,0.0]
[(5,[0,1,2,3,4],[1.0,0.0,1.0,1.0,1.0]),2.0,0.0]
[(5,[0,1,2,3,4],[1.0,0.0,3.0,1.0,0.0]),0.0,0.0]
[(5,[0,1,2,3,4],[1.0,0.0,0.0,0.0,0.0]),1.0,0.0]
[(5,[0,1,2,3,4],[1.0,0.0,0.0,1.0,1.0]),0.0,0.0]
[(5,[0,1,2,3,4],[1.0,0.0,2.0,1.0,1.0]),1.0,0.0]
[(5,[0,1,2,3,4],[1.0,0.0,1.0,0.0,1.0]),2.0,0.0]
[(5,[0,1,2,3,4],[1.0,2.0,3.0,0.0,0.0]),0.0,0.0]
[(5,[0,1,2,3,4],[1.0,2.0,1.0,1.0,0.0]),3.0,0.0]
[(5,[0,1,2,3,4],[1.0,2.0,1.0,1.0,1.0]),1.0,0.0]
[(5,[0,1,2,3,4],[1.0,2.0,2.0,1.0,1.0]),0.0,0.0]
[(5,[0,1,2,3,4],[1.0,2.0,0.0,1.0,1.0]),3.0,0.0]
[(5,[0,1,2,3,4],[1.0,2.0,0.0,1.0,1.0]),0.0,0.0]
[(5,[0,1,2,3,4],[1.0,0.0,0.0,0.0,0.0]),2.0,0.0]
[(5,[0,1,2,3,4],[1.0,2.0,3.0,1.0,0.0]),3.0,0.0]
[(5,[0,1,2,3,4],[1.0,2.0,1.0,1.0,1.0]),2.0,0.0]
[(5,[0,1,2,3,4],[1.0,2.0,2.0,0.0,0.0]),0.0,0.0]
[(5,[0,1,2,3,4],[1.0,2.0,2.0,0.0,0.0]),2.0,0.0]
[(5,[0,1,2,3,4],[1.0,2.0,1.0,0.0,0.0]),2.0,0.0]
[(5,[0,1,2,3,4],[1.0,0.0,2.0,1.0,0.0]),0.0,0.0]
[(5,[0,1,2,3,4],[1.0,2.0,3.0,0.0,0.0]),3.0,0.0]
[(5,[0,1,2,3,4],[1.0,0.0,2.0,0.0,0.0]),0.0,0.0]
[(5,[0,1,2,3,4],[1.0,2.0,2.0,1.0,1.0]),2.0,0.0]
[(5,[0,1,2,3,4],[1.0,0.0,2.0,0.0,1.0]),0.0,0.0]
[(5,[0,1,2,3,4],[1.0,0.0,3.0,0.0,0.0]),1.0,0.0]
[(5,[0,1,2,3,4],[1.0,2.0,1.0,1.0,1.0]),0.0,0.0]
[(5,[0,1,2,3,4],[1.0,2.0,0.0,0.0,0.0]),1.0,0.0]
[(5,[0,1,2,3,4],[1.0,0.0,3.0,0.0,0.0]),0.0,0.0]
[(5,[0,1,2,3,4],[1.0,0.0,1.0,0.0,1.0]),2.0,0.0]
[(5,[0,1,2,3,4],[1.0,2.0,3.0,0.0,0.0]),2.0,0.0]
[(5,[0,1,2,3,4],[1.0,0.0,0.0,0.0,1.0]),0.0,0.0]
[(5,[0,1,2,3,4],[1.0,0.0,2.0,1.0,0.0]),0.0,0.0]
[(5,[0,1,2,3,4],[1.0,2.0,2.0,0.0,1.0]),0.0,0.0]
[(5,[0,1,2,3,4],[1.0,2.0,0.0,1.0,1.0]),3.0,0.0]
[(5,[0,1,2,3,4],[1.0,0.0,1.0,0.0,0.0]),2.0,0.0]
[(5,[0,1,2,3,4],[1.0,2.0,1.0,0.0,0.0]),2.0,0.0]
[(5,[0,1,2,3,4],[1.0,2.0,0.0,0.0,1.0]),2.0,0.0]
[(5,[0,1,2,3,4],[1.0,0.0,3.0,1.0,1.0]),3.0,0.0]
[(5,[0,1,2,3,4],[1.0,0.0,3.0,1.0,1.0]),3.0,0.0]
[(5,[0,1,2,3,4],[1.0,2.0,1.0,1.0,0.0]),3.0,0.0]
[(5,[0,1,2,3,4],[1.0,2.0,0.0,1.0,0.0]),0.0,0.0]
[(5,[0,1,2,3,4],[1.0,0.0,1.0,0.0,0.0]),0.0,0.0]
[(5,[0,1,2,3,4],[1.0,0.0,2.0,1.0,1.0]),3.0,0.0]
[(5,[0,1,2,3,4],[1.0,2.0,3.0,0.0,1.0]),3.0,0.0]
[(5,[0,1,2,3,4],[1.0,2.0,0.0,0.0,1.0]),1.0,0.0]
[(5,[0,1,2,3,4],[1.0,2.0,1.0,0.0,1.0]),0.0,0.0]
[(5,[0,1,2,3,4],[1.0,2.0,0.0,0.0,1.0]),0.0,0.0]
[(5,[0,1,2,3,4],[1.0,2.0,1.0,1.0,0.0]),1.0,0.0]
[(5,[0,1,2,3,4],[1.0,2.0,3.0,1.0,0.0]),1.0,0.0]
[(5,[0,1,2,3,4],[1.0,2.0,0.0,1.0,1.0]),0.0,0.0]
[(5,[0,1,2,3,4],[1.0,2.0,1.0,1.0,1.0]),0.0,0.0]
[(5,[0,1,2,3,4],[1.0,2.0,3.0,0.0,0.0]),0.0,0.0]
[(5,[0,1,2,3,4],[1.0,0.0,0.0,0.0,0.0]),0.0,0.0]
[(5,[0,1,2,3,4],[1.0,0.0,2.0,1.0,1.0]),0.0,0.0]
[(5,[0,1,2,3,4],[1.0,2.0,3.0,1.0,0.0]),0.0,0.0]
[(5,[0,1,2,3,4],[1.0,0.0,0.0,1.0,1.0]),0.0,0.0]
[(5,[0,1,2,3,4],[1.0,2.0,3.0,0.0,1.0]),3.0,0.0]
[(5,[0,1,2,3,4],[1.0,2.0,2.0,0.0,0.0]),1.0,0.0]
[(5,[0,1,2,3,4],[1.0,2.0,2.0,1.0,1.0]),0.0,0.0]
[(5,[0,1,2,3,4],[1.0,2.0,2.0,0.0,0.0]),0.0,0.0]
[(5,[0,1,2,3,4],[1.0,2.0,3.0,0.0,0.0]),1.0,0.0]
[(5,[0,1,2,3,4],[1.0,2.0,2.0,0.0,0.0]),2.0,0.0]
[(5,[0,1,2,3,4],[1.0,2.0,1.0,1.0,0.0]),0.0,0.0]
[(5,[0,1,2,3,4],[1.0,0.0,1.0,0.0,0.0]),1.0,0.0]
[(5,[0,1,2,3,4],[1.0,0.0,0.0,1.0,0.0]),0.0,0.0]
[(5,[0,1,2,3,4],[1.0,0.0,2.0,0.0,1.0]),2.0,0.0]
[(5,[0,1,2,3,4],[1.0,0.0,2.0,0.0,1.0]),0.0,0.0]
[(5,[0,1,2,3,4],[1.0,2.0,2.0,0.0,0.0]),0.0,0.0]
[(5,[0,1,2,3,4],[1.0,2.0,2.0,1.0,0.0]),0.0,0.0]
[(5,[0,1,2,3,4],[1.0,2.0,2.0,0.0,1.0]),0.0,0.0]
[(5,[0,1,2,3,4],[1.0,2.0,1.0,1.0,0.0]),3.0,0.0]
[(5,[0,1,2,3,4],[1.0,2.0,2.0,1.0,0.0]),0.0,0.0]
[(5,[0,1,2,3,4],[1.0,2.0,2.0,1.0,1.0]),2.0,0.0]
[(5,[0,1,2,3,4],[1.0,2.0,0.0,0.0,1.0]),2.0,0.0]
[(5,[0,1,2,3,4],[1.0,2.0,3.0,1.0,1.0]),3.0,0.0]
[(5,[0,1,2,3,4],[1.0,2.0,1.0,0.0,1.0]),0.0,0.0]
[(5,[0,1,2,3,4],[1.0,2.0,0.0,0.0,0.0]),0.0,0.0]
[(5,[0,1,2,3,4],[1.0,0.0,0.0,1.0,1.0]),0.0,0.0]
[(5,[0,1,2,3,4],[1.0,2.0,1.0,0.0,0.0]),0.0,0.0]
[(5,[0,1,2,3,4],[1.0,2.0,2.0,1.0,1.0]),3.0,0.0]
[(5,[0,1,2,3,4],[1.0,2.0,1.0,1.0,0.0]),2.0,0.0]
[(5,[0,1,2,3,4],[1.0,0.0,2.0,1.0,1.0]),0.0,0.0]
[(5,[0,1,2,3,4],[1.0,0.0,0.0,1.0,1.0]),2.0,0.0]
[(5,[0,1,2,3,4],[1.0,2.0,3.0,1.0,0.0]),0.0,0.0]
[(5,[0,1,2,3,4],[1.0,2.0,2.0,1.0,0.0]),1.0,0.0]
[(5,[0,1,2,3,4],[1.0,0.0,1.0,1.0,0.0]),0.0,0.0]
[(5,[0,1,2,3,4],[1.0,0.0,3.0,0.0,1.0]),3.0,0.0]
[(5,[0,1,2,3,4],[1.0,2.0,1.0,0.0,1.0]),0.0,0.0]
[(5,[0,1,2,3,4],[1.0,0.0,3.0,0.0,0.0]),0.0,0.0]
[(5,[0,1,2,3,4],[1.0,2.0,0.0,1.0,1.0]),3.0,0.0]
[(5,[0,1,2,3,4],[1.0,0.0,1.0,0.0,1.0]),3.0,0.0]
[(5,[0,1,2,3,4],[1.0,0.0,3.0,0.0,1.0]),1.0,0.0]
[(5,[0,1,2,3,4],[1.0,2.0,3.0,1.0,0.0]),1.0,0.0]
[(5,[0,1,2,3,4],[1.0,2.0,2.0,0.0,0.0]),1.0,0.0]
[(5,[0,1,2,3,4],[1.0,2.0,1.0,1.0,1.0]),0.0,0.0]
[(5,[0,1,2,3,4],[1.0,0.0,0.0,0.0,0.0]),1.0,0.0]
[(5,[0,1,2,3,4],[1.0,2.0,2.0,0.0,0.0]),2.0,0.0]
[(5,[0,1,2,3,4],[1.0,2.0,2.0,0.0,0.0]),0.0,0.0]
[(5,[0,1,2,3,4],[1.0,0.0,0.0,1.0,1.0]),2.0,0.0]
[(5,[0,1,2,3,4],[1.0,2.0,3.0,1.0,1.0]),3.0,0.0]
[(5,[0,1,2,3,4],[1.0,2.0,2.0,0.0,1.0]),2.0,0.0]
[(5,[0,1,2,3,4],[1.0,0.0,2.0,0.0,0.0]),3.0,0.0]
[(5,[0,1,2,3,4],[1.0,2.0,1.0,0.0,1.0]),1.0,0.0]
[(5,[0,1,2,3,4],[1.0,2.0,3.0,0.0,1.0]),2.0,0.0]
[(5,[0,1,2,3,4],[1.0,2.0,3.0,1.0,0.0]),0.0,0.0]
[(5,[0,1,2,3,4],[1.0,2.0,1.0,1.0,1.0]),2.0,0.0]
[(5,[0,1,2,3,4],[1.0,0.0,0.0,1.0,0.0]),3.0,0.0]
[(5,[0,1,2,3,4],[1.0,0.0,0.0,0.0,0.0]),1.0,0.0]
[(5,[0,1,2,3,4],[1.0,0.0,3.0,1.0,0.0]),0.0,0.0]
[(5,[0,1,2,3,4],[1.0,0.0,3.0,1.0,0.0]),3.0,0.0]
[(5,[0,1,2,3,4],[1.0,2.0,0.0,1.0,1.0]),0.0,0.0]
[(5,[0,1,2,3,4],[1.0,2.0,3.0,1.0,1.0]),0.0,0.0]
[(5,[0,1,2,3,4],[1.0,0.0,1.0,1.0,1.0]),2.0,0.0]
[(5,[0,1,2,3,4],[1.0,0.0,0.0,0.0,1.0]),0.0,0.0]
[(5,[0,1,2,3,4],[1.0,2.0,1.0,0.0,1.0]),1.0,0.0]
[(5,[0,1,2,3,4],[1.0,0.0,2.0,1.0,0.0]),1.0,0.0]
[(5,[0,1,2,3,4],[1.0,2.0,0.0,0.0,0.0]),0.0,0.0]
[(5,[0,1,2,3,4],[1.0,0.0,2.0,0.0,1.0]),0.0,0.0]
[(5,[0,1,2,3,4],[1.0,0.0,0.0,1.0,0.0]),0.0,0.0]
[(5,[0,1,2,3,4],[1.0,0.0,0.0,1.0,0.0]),3.0,0.0]
[(5,[0,1,2,3,4],[1.0,2.0,2.0,1.0,0.0]),2.0,0.0]
[(5,[0,1,2,3,4],[1.0,0.0,1.0,1.0,1.0]),0.0,0.0]
[(5,[0,1,2,3,4],[1.0,2.0,2.0,1.0,1.0]),2.0,0.0]
[(5,[0,1,2,3,4],[1.0,0.0,2.0,0.0,1.0]),1.0,0.0]
[(5,[0,1,2,3,4],[1.0,0.0,1.0,0.0,0.0]),3.0,0.0]
[(5,[0,1,2,3,4],[1.0,0.0,1.0,0.0,0.0]),1.0,0.0]
[(5,[0,1,2,3,4],[1.0,0.0,2.0,0.0,1.0]),1.0,0.0]
[(5,[0,1,2,3,4],[1.0,2.0,1.0,1.0,1.0]),1.0,0.0]
[(5,[0,1,2,3,4],[1.0,0.0,3.0,1.0,1.0]),0.0,0.0]
[(5,[0,1,2,3,4],[1.0,0.0,0.0,0.0,1.0]),3.0,0.0]
[(5,[0,1,2,3,4],[1.0,2.0,2.0,0.0,0.0]),3.0,0.0]
[(5,[0,1,2,3,4],[1.0,0.0,1.0,1.0,0.0]),3.0,0.0]
[(5,[0,1,2,3,4],[1.0,2.0,2.0,0.0,0.0]),3.0,0.0]
[(5,[0,1,2,3,4],[1.0,0.0,2.0,1.0,0.0]),1.0,0.0]
[(5,[0,1,2,3,4],[1.0,2.0,0.0,0.0,1.0]),3.0,0.0]
[(5,[0,1,2,3,4],[1.0,0.0,2.0,0.0,1.0]),2.0,0.0]
[(5,[0,1,2,3,4],[1.0,2.0,0.0,1.0,1.0]),0.0,0.0]
[(5,[0,1,2,3,4],[1.0,2.0,0.0,0.0,1.0]),1.0,0.0]
[(5,[0,1,2,3,4],[1.0,0.0,2.0,0.0,0.0]),3.0,0.0]
[(5,[0,1,2,3,4],[1.0,2.0,1.0,1.0,1.0]),2.0,0.0]
[(5,[0,1,2,3,4],[1.0,2.0,2.0,1.0,1.0]),1.0,0.0]
[(5,[0,1,2,3,4],[1.0,0.0,0.0,0.0,0.0]),0.0,0.0]
[(5,[0,1,2,3,4],[1.0,2.0,3.0,0.0,0.0]),1.0,0.0]
[(5,[0,1,2,3,4],[1.0,2.0,2.0,0.0,0.0]),1.0,0.0]
[(5,[0,1,2,3,4],[1.0,0.0,0.0,1.0,0.0]),3.0,0.0]
[(5,[0,1,2,3,4],[1.0,0.0,0.0,0.0,0.0]),0.0,0.0]
[(5,[0,1,2,3,4],[1.0,0.0,3.0,1.0,1.0]),3.0,0.0]
[(5,[0,1,2,3,4],[1.0,0.0,1.0,1.0,0.0]),0.0,0.0]
[(5,[0,1,2,3,4],[1.0,2.0,3.0,0.0,0.0]),1.0,0.0]
[(5,[0,1,2,3,4],[1.0,0.0,1.0,1.0,0.0]),0.0,0.0]
[(5,[0,1,2,3,4],[1.0,2.0,2.0,1.0,0.0]),3.0,0.0]
[(5,[0,1,2,3,4],[1.0,2.0,0.0,0.0,0.0]),1.0,0.0]
[(5,[0,1,2,3,4],[1.0,2.0,0.0,1.0,0.0]),3.0,0.0]
[(5,[0,1,2,3,4],[1.0,2.0,3.0,1.0,1.0]),1.0,0.0]
[(5,[0,1,2,3,4],[1.0,0.0,0.0,0.0,0.0]),0.0,0.0]
[(5,[0,1,2,3,4],[1.0,2.0,3.0,1.0,1.0]),1.0,0.0]
[(5,[0,1,2,3,4],[1.0,0.0,0.0,1.0,1.0]),2.0,0.0]
[(5,[0,1,2,3,4],[1.0,2.0,2.0,1.0,0.0]),1.0,0.0]
[(5,[0,1,2,3,4],[1.0,0.0,3.0,0.0,0.0]),0.0,0.0]
[(5,[0,1,2,3,4],[1.0,0.0,3.0,1.0,1.0]),0.0,0.0]
[(5,[0,1,2,3,4],[1.0,0.0,0.0,1.0,1.0]),0.0,0.0]
[(5,[0,1,2,3,4],[1.0,2.0,0.0,0.0,1.0]),1.0,0.0]
[(5,[0,1,2,3,4],[1.0,0.0,2.0,1.0,0.0]),1.0,0.0]
[(5,[0,1,2,3,4],[1.0,0.0,2.0,0.0,0.0]),2.0,0.0]
[(5,[0,1,2,3,4],[1.0,2.0,2.0,0.0,1.0]),0.0,0.0]
[(5,[0,1,2,3,4],[1.0,0.0,2.0,0.0,1.0]),2.0,0.0]
[(5,[0,1,2,3,4],[1.0,0.0,2.0,0.0,1.0]),1.0,0.0]
[(5,[0,1,2,3,4],[1.0,2.0,3.0,1.0,0.0]),0.0,0.0]
[(5,[0,1,2,3,4],[1.0,0.0,1.0,1.0,1.0]),1.0,0.0]
[(5,[0,1,2,3,4],[1.0,0.0,0.0,1.0,0.0]),0.0,0.0]
[(5,[0,1,2,3,4],[1.0,2.0,3.0,1.0,0.0]),0.0,0.0]
[(5,[0,1,2,3,4],[1.0,0.0,2.0,1.0,1.0]),0.0,0.0]
[(5,[0,1,2,3,4],[1.0,0.0,3.0,0.0,0.0]),0.0,0.0]
[(5,[0,1,2,3,4],[1.0,0.0,2.0,0.0,0.0]),2.0,0.0]
[(5,[0,1,2,3,4],[1.0,2.0,1.0,1.0,0.0]),3.0,0.0]
[(5,[0,1,2,3,4],[1.0,2.0,3.0,0.0,0.0]),0.0,0.0]
[(5,[0,1,2,3,4],[1.0,2.0,1.0,1.0,0.0]),3.0,0.0]
[(5,[0,1,2,3,4],[1.0,2.0,2.0,0.0,1.0]),0.0,0.0]
[(5,[0,1,2,3,4],[1.0,0.0,2.0,0.0,1.0]),3.0,0.0]
[(5,[0,1,2,3,4],[1.0,2.0,1.0,0.0,1.0]),0.0,0.0]
[(5,[0,1,2,3,4],[1.0,2.0,3.0,0.0,0.0]),2.0,0.0]
************
403      0
590      0
Class 0 precision: 0.4058408737182617
************