

[(5,[0,1,2,3,4],[2.0,0.0,3.0,0.0,0.0]),0.0,0.0]
[(5,[0,1,2,3,4],[2.0,0.0,0.0,0.0,1.0]),0.0,0.0]
[(5,[0,1,2,3,4],[2.0,0.0,0.0,1.0,0.0]),0.0,0.0]
[(5,[0,1,2,3,4],[2.0,2.0,2.0,0.0,1.0]),1.0,0.0]
[(5,[0,1,2,3,4],[2.0,2.0,0.0,0.0,1.0]),0.0,0.0]
[(5,[0,1,2,3,4],[2.0,2.0,2.0,1.0,1.0]),1.0,0.0]
[(5,[0,1,2,3,4],[2.0,2.0,1.0,0.0,1.0]),1.0,0.0]
[(5,[0,1,2,3,4],[2.0,2.0,2.0,1.0,1.0]),0.0,0.0]
[(5,[0,1,2,3,4],[2.0,0.0,3.0,0.0,0.0]),0.0,0.0]
[(5,[0,1,2,3,4],[2.0,2.0,1.0,1.0,0.0]),1.0,0.0]
[(5,[0,1,2,3,4],[2.0,2.0,0.0,0.0,0.0]),0.0,0.0]
[(5,[0,1,2,3,4],[2.0,0.0,2.0,0.0,0.0]),1.0,0.0]
[(5,[0,1,2,3,4],[2.0,2.0,1.0,1.0,0.0]),0.0,0.0]
[(5,[0,1,2,3,4],[2.0,2.0,2.0,1.0,1.0]),1.0,0.0]
[(5,[0,1,2,3,4],[2.0,2.0,2.0,1.0,0.0]),0.0,0.0]
[(5,[0,1,2,3,4],[2.0,0.0,3.0,0.0,0.0]),0.0,0.0]
[(5,[0,1,2,3,4],[2.0,0.0,2.0,1.0,0.0]),0.0,0.0]
[(5,[0,1,2,3,4],[2.0,0.0,1.0,1.0,0.0]),0.0,0.0]
[(5,[0,1,2,3,4],[2.0,0.0,3.0,1.0,0.0]),0.0,0.0]
[(5,[0,1,2,3,4],[2.0,0.0,0.0,1.0,0.0]),0.0,0.0]
[(5,[0,1,2,3,4],[2.0,2.0,0.0,1.0,1.0]),0.0,0.0]
[(5,[0,1,2,3,4],[2.0,0.0,1.0,1.0,1.0]),1.0,0.0]
[(5,[0,1,2,3,4],[2.0,0.0,2.0,0.0,0.0]),1.0,0.0]
[(5,[0,1,2,3,4],[2.0,2.0,3.0,1.0,1.0]),0.0,0.0]
[(5,[0,1,2,3,4],[2.0,0.0,1.0,1.0,1.0]),1.0,0.0]
[(5,[0,1,2,3,4],[2.0,2.0,2.0,1.0,1.0]),0.0,0.0]
[(5,[0,1,2,3,4],[2.0,2.0,3.0,0.0,0.0]),1.0,0.0]
[(5,[0,1,2,3,4],[2.0,0.0,2.0,0.0,0.0]),1.0,0.0]
[(5,[0,1,2,3,4],[2.0,2.0,0.0,1.0,0.0]),1.0,0.0]
[(5,[0,1,2,3,4],[2.0,0.0,0.0,1.0,1.0]),1.0,0.0]
[(5,[0,1,2,3,4],[2.0,0.0,2.0,0.0,1.0]),0.0,0.0]
[(5,[0,1,2,3,4],[2.0,2.0,3.0,1.0,1.0]),0.0,0.0]
[(5,[0,1,2,3,4],[2.0,2.0,3.0,0.0,0.0]),0.0,0.0]
[(5,[0,1,2,3,4],[2.0,0.0,3.0,1.0,0.0]),1.0,0.0]
[(5,[0,1,2,3,4],[2.0,2.0,3.0,1.0,1.0]),0.0,0.0]
[(5,[0,1,2,3,4],[2.0,0.0,2.0,0.0,0.0]),1.0,0.0]
[(5,[0,1,2,3,4],[2.0,0.0,3.0,0.0,0.0]),1.0,0.0]
[(5,[0,1,2,3,4],[2.0,0.0,3.0,0.0,0.0]),0.0,0.0]
[(5,[0,1,2,3,4],[2.0,0.0,3.0,0.0,1.0]),0.0,0.0]
[(5,[0,1,2,3,4],[2.0,0.0,0.0,1.0,1.0]),1.0,0.0]
[(5,[0,1,2,3,4],[2.0,0.0,3.0,1.0,1.0]),1.0,0.0]
[(5,[0,1,2,3,4],[2.0,0.0,0.0,0.0,0.0]),0.0,0.0]
[(5,[0,1,2,3,4],[2.0,2.0,1.0,0.0,0.0]),0.0,0.0]
[(5,[0,1,2,3,4],[2.0,0.0,2.0,1.0,1.0]),0.0,0.0]
[(5,[0,1,2,3,4],[2.0,0.0,1.0,1.0,1.0]),0.0,0.0]
[(5,[0,1,2,3,4],[2.0,2.0,1.0,1.0,0.0]),1.0,0.0]
[(5,[0,1,2,3,4],[2.0,0.0,0.0,0.0,1.0]),0.0,0.0]
[(5,[0,1,2,3,4],[2.0,0.0,0.0,0.0,1.0]),0.0,0.0]
[(5,[0,1,2,3,4],[2.0,0.0,1.0,1.0,0.0]),1.0,0.0]
[(5,[0,1,2,3,4],[2.0,0.0,2.0,0.0,1.0]),0.0,0.0]
[(5,[0,1,2,3,4],[2.0,2.0,0.0,0.0,0.0]),1.0,0.0]
[(5,[0,1,2,3,4],[2.0,2.0,3.0,0.0,0.0]),0.0,0.0]
[(5,[0,1,2,3,4],[2.0,2.0,2.0,0.0,1.0]),0.0,0.0]
[(5,[0,1,2,3,4],[2.0,0.0,2.0,1.0,0.0]),0.0,0.0]
[(5,[0,1,2,3,4],[2.0,0.0,1.0,0.0,0.0]),0.0,0.0]
[(5,[0,1,2,3,4],[2.0,0.0,3.0,1.0,1.0]),1.0,0.0]
[(5,[0,1,2,3,4],[2.0,0.0,2.0,0.0,1.0]),0.0,0.0]
[(5,[0,1,2,3,4],[2.0,2.0,3.0,0.0,0.0]),0.0,0.0]
[(5,[0,1,2,3,4],[2.0,0.0,0.0,1.0,0.0]),1.0,0.0]
[(5,[0,1,2,3,4],[2.0,2.0,2.0,0.0,1.0]),0.0,0.0]
[(5,[0,1,2,3,4],[2.0,0.0,2.0,0.0,1.0]),1.0,0.0]
[(5,[0,1,2,3,4],[2.0,0.0,3.0,0.0,1.0]),0.0,0.0]
[(5,[0,1,2,3,4],[2.0,2.0,3.0,1.0,0.0]),0.0,0.0]
[(5,[0,1,2,3,4],[2.0,2.0,0.0,0.0,0.0]),0.0,0.0]
[(5,[0,1,2,3,4],[2.0,0.0,1.0,0.0,0.0]),1.0,0.0]
[(5,[0,1,2,3,4],[2.0,0.0,0.0,1.0,1.0]),0.0,0.0]
[(5,[0,1,2,3,4],[2.0,0.0,1.0,1.0,1.0]),0.0,0.0]
[(5,[0,1,2,3,4],[2.0,2.0,0.0,0.0,1.0]),0.0,0.0]
[(5,[0,1,2,3,4],[2.0,2.0,0.0,1.0,1.0]),1.0,0.0]
[(5,[0,1,2,3,4],[2.0,0.0,1.0,1.0,0.0]),0.0,0.0]
[(5,[0,1,2,3,4],[2.0,2.0,2.0,0.0,0.0]),0.0,0.0]
[(5,[0,1,2,3,4],[2.0,0.0,2.0,0.0,0.0]),0.0,0.0]
[(5,[0,1,2,3,4],[2.0,0.0,1.0,0.0,1.0]),1.0,0.0]
[(5,[0,1,2,3,4],[2.0,0.0,3.0,0.0,1.0]),0.0,0.0]
[(5,[0,1,2,3,4],[2.0,2.0,2.0,1.0,1.0]),1.0,0.0]
[(5,[0,1,2,3,4],[2.0,2.0,2.0,1.0,0.0]),1.0,0.0]
[(5,[0,1,2,3,4],[2.0,0.0,2.0,1.0,1.0]),0.0,0.0]
[(5,[0,1,2,3,4],[2.0,2.0,2.0,0.0,0.0]),1.0,0.0]
[(5,[0,1,2,3,4],[2.0,0.0,2.0,1.0,0.0]),0.0,0.0]
[(5,[0,1,2,3,4],[2.0,2.0,3.0,0.0,0.0]),0.0,0.0]
[(5,[0,1,2,3,4],[2.0,0.0,3.0,1.0,1.0]),1.0,0.0]
[(5,[0,1,2,3,4],[2.0,0.0,2.0,0.0,1.0]),0.0,0.0]
[(5,[0,1,2,3,4],[2.0,0.0,3.0,0.0,0.0]),1.0,0.0]
[(5,[0,1,2,3,4],[2.0,0.0,0.0,0.0,0.0]),0.0,0.0]
[(5,[0,1,2,3,4],[2.0,2.0,0.0,0.0,0.0]),0.0,0.0]
[(5,[0,1,2,3,4],[2.0,0.0,2.0,1.0,0.0]),1.0,0.0]
[(5,[0,1,2,3,4],[2.0,2.0,0.0,0.0,0.0]),0.0,0.0]
[(5,[0,1,2,3,4],[2.0,2.0,3.0,0.0,0.0]),1.0,0.0]
[(5,[0,1,2,3,4],[2.0,0.0,0.0,0.0,0.0]),0.0,0.0]
[(5,[0,1,2,3,4],[2.0,0.0,0.0,1.0,0.0]),1.0,0.0]
[(5,[0,1,2,3,4],[2.0,2.0,2.0,1.0,0.0]),1.0,0.0]
[(5,[0,1,2,3,4],[2.0,2.0,2.0,0.0,0.0]),1.0,0.0]
[(5,[0,1,2,3,4],[2.0,0.0,1.0,1.0,1.0]),1.0,0.0]
[(5,[0,1,2,3,4],[2.0,2.0,1.0,0.0,0.0]),0.0,0.0]
[(5,[0,1,2,3,4],[2.0,0.0,0.0,1.0,0.0]),0.0,0.0]
[(5,[0,1,2,3,4],[2.0,2.0,0.0,0.0,0.0]),1.0,0.0]
[(5,[0,1,2,3,4],[2.0,0.0,1.0,1.0,0.0]),0.0,0.0]
[(5,[0,1,2,3,4],[2.0,0.0,3.0,0.0,1.0]),0.0,0.0]
[(5,[0,1,2,3,4],[2.0,0.0,3.0,0.0,0.0]),0.0,0.0]
[(5,[0,1,2,3,4],[2.0,2.0,2.0,0.0,1.0]),1.0,0.0]
[(5,[0,1,2,3,4],[2.0,2.0,3.0,0.0,1.0]),1.0,0.0]
[(5,[0,1,2,3,4],[2.0,0.0,2.0,0.0,0.0]),0.0,0.0]
[(5,[0,1,2,3,4],[2.0,2.0,0.0,0.0,0.0]),0.0,0.0]
[(5,[0,1,2,3,4],[2.0,0.0,0.0,0.0,0.0]),0.0,0.0]
[(5,[0,1,2,3,4],[2.0,2.0,0.0,1.0,1.0]),0.0,0.0]
[(5,[0,1,2,3,4],[2.0,2.0,0.0,0.0,1.0]),0.0,0.0]
[(5,[0,1,2,3,4],[2.0,2.0,3.0,1.0,1.0]),1.0,0.0]
[(5,[0,1,2,3,4],[2.0,0.0,1.0,0.0,1.0]),0.0,0.0]
[(5,[0,1,2,3,4],[2.0,0.0,3.0,0.0,0.0]),1.0,0.0]
[(5,[0,1,2,3,4],[2.0,2.0,2.0,0.0,0.0]),1.0,0.0]
[(5,[0,1,2,3,4],[2.0,2.0,2.0,0.0,0.0]),0.0,0.0]
[(5,[0,1,2,3,4],[2.0,0.0,2.0,1.0,0.0]),1.0,0.0]
[(5,[0,1,2,3,4],[2.0,0.0,1.0,0.0,1.0]),0.0,0.0]
[(5,[0,1,2,3,4],[2.0,2.0,3.0,0.0,1.0]),1.0,0.0]
[(5,[0,1,2,3,4],[2.0,0.0,3.0,0.0,0.0]),0.0,0.0]
[(5,[0,1,2,3,4],[2.0,2.0,3.0,1.0,0.0]),1.0,0.0]
[(5,[0,1,2,3,4],[2.0,2.0,3.0,1.0,1.0]),0.0,0.0]
[(5,[0,1,2,3,4],[2.0,2.0,3.0,0.0,0.0]),0.0,0.0]
[(5,[0,1,2,3,4],[2.0,2.0,2.0,0.0,1.0]),1.0,0.0]
[(5,[0,1,2,3,4],[2.0,2.0,0.0,0.0,0.0]),0.0,0.0]
[(5,[0,1,2,3,4],[2.0,2.0,0.0,0.0,1.0]),0.0,0.0]
[(5,[0,1,2,3,4],[2.0,2.0,0.0,1.0,1.0]),1.0,0.0]
[(5,[0,1,2,3,4],[2.0,0.0,3.0,1.0,1.0]),1.0,0.0]
[(5,[0,1,2,3,4],[2.0,0.0,2.0,0.0,1.0]),0.0,0.0]
[(5,[0,1,2,3,4],[2.0,0.0,3.0,0.0,0.0]),0.0,0.0]
[(5,[0,1,2,3,4],[2.0,2.0,1.0,0.0,1.0]),1.0,0.0]
[(5,[0,1,2,3,4],[2.0,2.0,0.0,1.0,0.0]),0.0,0.0]
[(5,[0,1,2,3,4],[2.0,0.0,0.0,1.0,0.0]),1.0,0.0]
[(5,[0,1,2,3,4],[2.0,0.0,2.0,1.0,1.0]),0.0,0.0]
[(5,[0,1,2,3,4],[2.0,2.0,0.0,0.0,1.0]),0.0,0.0]
[(5,[0,1,2,3,4],[2.0,0.0,2.0,0.0,1.0]),0.0,0.0]
[(5,[0,1,2,3,4],[2.0,2.0,0.0,1.0,0.0]),1.0,0.0]
[(5,[0,1,2,3,4],[2.0,0.0,1.0,1.0,1.0]),0.0,0.0]
[(5,[0,1,2,3,4],[2.0,2.0,1.0,0.0,1.0]),0.0,0.0]
[(5,[0,1,2,3,4],[2.0,2.0,1.0,1.0,0.0]),1.0,0.0]
[(5,[0,1,2,3,4],[2.0,2.0,0.0,1.0,0.0]),0.0,0.0]
[(5,[0,1,2,3,4],[2.0,0.0,2.0,0.0,1.0]),1.0,0.0]
[(5,[0,1,2,3,4],[2.0,2.0,2.0,1.0,0.0]),0.0,0.0]
[(5,[0,1,2,3,4],[2.0,2.0,0.0,1.0,0.0]),0.0,0.0]
[(5,[0,1,2,3,4],[2.0,2.0,2.0,1.0,1.0]),0.0,0.0]
[(5,[0,1,2,3,4],[2.0,0.0,2.0,1.0,1.0]),0.0,0.0]
[(5,[0,1,2,3,4],[2.0,2.0,2.0,0.0,1.0]),0.0,0.0]
[(5,[0,1,2,3,4],[2.0,2.0,1.0,0.0,0.0]),0.0,0.0]
[(5,[0,1,2,3,4],[2.0,2.0,3.0,0.0,1.0]),0.0,0.0]
[(5,[0,1,2,3,4],[2.0,2.0,2.0,0.0,1.0]),0.0,0.0]
[(5,[0,1,2,3,4],[2.0,2.0,2.0,1.0,1.0]),1.0,0.0]
[(5,[0,1,2,3,4],[2.0,0.0,1.0,0.0,0.0]),1.0,0.0]
[(5,[0,1,2,3,4],[2.0,0.0,2.0,1.0,1.0]),1.0,0.0]
[(5,[0,1,2,3,4],[2.0,2.0,0.0,1.0,0.0]),1.0,0.0]
[(5,[0,1,2,3,4],[2.0,0.0,0.0,0.0,1.0]),0.0,0.0]
[(5,[0,1,2,3,4],[2.0,0.0,0.0,0.0,0.0]),1.0,0.0]
[(5,[0,1,2,3,4],[2.0,0.0,3.0,0.0,0.0]),0.0,0.0]
[(5,[0,1,2,3,4],[2.0,0.0,3.0,0.0,0.0]),0.0,0.0]
[(5,[0,1,2,3,4],[2.0,0.0,2.0,1.0,0.0]),0.0,0.0]
[(5,[0,1,2,3,4],[2.0,0.0,3.0,0.0,0.0]),0.0,0.0]
[(5,[0,1,2,3,4],[2.0,0.0,0.0,0.0,0.0]),0.0,0.0]
[(5,[0,1,2,3,4],[2.0,2.0,2.0,1.0,0.0]),0.0,0.0]
[(5,[0,1,2,3,4],[2.0,0.0,0.0,0.0,0.0]),1.0,0.0]
[(5,[0,1,2,3,4],[2.0,0.0,0.0,0.0,1.0]),0.0,0.0]
[(5,[0,1,2,3,4],[2.0,2.0,2.0,0.0,0.0]),0.0,0.0]
[(5,[0,1,2,3,4],[2.0,2.0,2.0,0.0,1.0]),0.0,0.0]
[(5,[0,1,2,3,4],[2.0,2.0,0.0,1.0,1.0]),0.0,0.0]
[(5,[0,1,2,3,4],[2.0,0.0,2.0,0.0,1.0]),1.0,0.0]
[(5,[0,1,2,3,4],[2.0,2.0,2.0,0.0,1.0]),1.0,0.0]
[(5,[0,1,2,3,4],[2.0,0.0,2.0,1.0,0.0]),0.0,0.0]
[(5,[0,1,2,3,4],[2.0,0.0,1.0,1.0,1.0]),1.0,0.0]
[(5,[0,1,2,3,4],[2.0,0.0,1.0,1.0,1.0]),0.0,0.0]
[(5,[0,1,2,3,4],[2.0,2.0,3.0,1.0,1.0]),1.0,0.0]
[(5,[0,1,2,3,4],[2.0,0.0,0.0,0.0,1.0]),0.0,0.0]
[(5,[0,1,2,3,4],[2.0,2.0,1.0,0.0,1.0]),1.0,0.0]
[(5,[0,1,2,3,4],[2.0,0.0,3.0,1.0,0.0]),1.0,0.0]
[(5,[0,1,2,3,4],[2.0,0.0,3.0,0.0,1.0]),1.0,0.0]
[(5,[0,1,2,3,4],[2.0,0.0,0.0,1.0,0.0]),0.0,0.0]
[(5,[0,1,2,3,4],[2.0,0.0,0.0,0.0,0.0]),0.0,0.0]
[(5,[0,1,2,3,4],[2.0,2.0,2.0,1.0,0.0]),0.0,0.0]
[(5,[0,1,2,3,4],[2.0,0.0,2.0,1.0,1.0]),0.0,0.0]
[(5,[0,1,2,3,4],[2.0,0.0,3.0,0.0,0.0]),1.0,0.0]
[(5,[0,1,2,3,4],[2.0,0.0,2.0,0.0,0.0]),0.0,0.0]
[(5,[0,1,2,3,4],[2.0,2.0,0.0,0.0,1.0]),0.0,0.0]
[(5,[0,1,2,3,4],[2.0,0.0,1.0,0.0,0.0]),0.0,0.0]
[(5,[0,1,2,3,4],[2.0,2.0,1.0,1.0,0.0]),1.0,0.0]
[(5,[0,1,2,3,4],[2.0,0.0,0.0,1.0,1.0]),0.0,0.0]
[(5,[0,1,2,3,4],[2.0,0.0,0.0,0.0,0.0]),0.0,0.0]
[(5,[0,1,2,3,4],[2.0,2.0,2.0,0.0,1.0]),0.0,0.0]
[(5,[0,1,2,3,4],[2.0,0.0,1.0,1.0,0.0]),1.0,0.0]
[(5,[0,1,2,3,4],[2.0,0.0,0.0,1.0,1.0]),0.0,0.0]
[(5,[0,1,2,3,4],[2.0,0.0,0.0,0.0,1.0]),0.0,0.0]
[(5,[0,1,2,3,4],[2.0,2.0,0.0,0.0,0.0]),0.0,0.0]
[(5,[0,1,2,3,4],[2.0,2.0,2.0,0.0,1.0]),0.0,0.0]
[(5,[0,1,2,3,4],[2.0,2.0,2.0,1.0,0.0]),0.0,0.0]
[(5,[0,1,2,3,4],[2.0,2.0,1.0,0.0,0.0]),1.0,0.0]
[(5,[0,1,2,3,4],[2.0,2.0,1.0,0.0,0.0]),0.0,0.0]
[(5,[0,1,2,3,4],[2.0,0.0,2.0,0.0,1.0]),1.0,0.0]
[(5,[0,1,2,3,4],[2.0,0.0,2.0,0.0,1.0]),1.0,0.0]
[(5,[0,1,2,3,4],[2.0,2.0,2.0,0.0,1.0]),0.0,0.0]
[(5,[0,1,2,3,4],[2.0,2.0,0.0,1.0,0.0]),0.0,0.0]
[(5,[0,1,2,3,4],[2.0,0.0,1.0,1.0,0.0]),1.0,0.0]
[(5,[0,1,2,3,4],[2.0,0.0,3.0,0.0,1.0]),1.0,0.0]
[(5,[0,1,2,3,4],[2.0,2.0,0.0,1.0,0.0]),1.0,0.0]
[(5,[0,1,2,3,4],[2.0,2.0,1.0,0.0,1.0]),0.0,0.0]
[(5,[0,1,2,3,4],[2.0,0.0,1.0,0.0,0.0]),0.0,0.0]
[(5,[0,1,2,3,4],[2.0,2.0,3.0,0.0,1.0]),0.0,0.0]
[(5,[0,1,2,3,4],[2.0,0.0,1.0,1.0,0.0]),0.0,0.0]
[(5,[0,1,2,3,4],[2.0,2.0,1.0,1.0,0.0]),0.0,0.0]
[(5,[0,1,2,3,4],[2.0,0.0,0.0,0.0,1.0]),1.0,0.0]
[(5,[0,1,2,3,4],[2.0,0.0,1.0,1.0,0.0]),0.0,0.0]
[(5,[0,1,2,3,4],[2.0,0.0,3.0,0.0,1.0]),0.0,0.0]
[(5,[0,1,2,3,4],[2.0,2.0,3.0,0.0,0.0]),1.0,0.0]
[(5,[0,1,2,3,4],[2.0,2.0,1.0,0.0,1.0]),1.0,0.0]
[(5,[0,1,2,3,4],[2.0,2.0,0.0,1.0,0.0]),0.0,0.0]
[(5,[0,1,2,3,4],[2.0,2.0,0.0,1.0,1.0]),0.0,0.0]
[(5,[0,1,2,3,4],[2.0,0.0,0.0,1.0,0.0]),1.0,0.0]
[(5,[0,1,2,3,4],[2.0,2.0,2.0,0.0,1.0]),0.0,0.0]
[(5,[0,1,2,3,4],[2.0,0.0,1.0,1.0,0.0]),0.0,0.0]
[(5,[0,1,2,3,4],[2.0,0.0,3.0,1.0,1.0]),0.0,0.0]
[(5,[0,1,2,3,4],[2.0,0.0,1.0,1.0,1.0]),0.0,0.0]
[(5,[0,1,2,3,4],[2.0,2.0,0.0,0.0,0.0]),0.0,0.0]
[(5,[0,1,2,3,4],[2.0,0.0,1.0,0.0,0.0]),0.0,0.0]
[(5,[0,1,2,3,4],[2.0,0.0,1.0,1.0,0.0]),0.0,0.0]
[(5,[0,1,2,3,4],[2.0,0.0,0.0,1.0,0.0]),0.0,0.0]
[(5,[0,1,2,3,4],[2.0,0.0,0.0,0.0,0.0]),0.0,0.0]
[(5,[0,1,2,3,4],[2.0,0.0,2.0,0.0,1.0]),0.0,0.0]
[(5,[0,1,2,3,4],[2.0,0.0,3.0,0.0,1.0]),0.0,0.0]
[(5,[0,1,2,3,4],[2.0,0.0,1.0,0.0,0.0]),0.0,0.0]
[(5,[0,1,2,3,4],[2.0,0.0,2.0,1.0,0.0]),0.0,0.0]
[(5,[0,1,2,3,4],[2.0,0.0,0.0,0.0,0.0]),0.0,0.0]
[(5,[0,1,2,3,4],[2.0,0.0,3.0,0.0,1.0]),0.0,0.0]
[(5,[0,1,2,3,4],[2.0,2.0,0.0,0.0,0.0]),0.0,0.0]
[(5,[0,1,2,3,4],[2.0,2.0,3.0,1.0,0.0]),1.0,0.0]
[(5,[0,1,2,3,4],[2.0,2.0,1.0,1.0,0.0]),0.0,0.0]
[(5,[0,1,2,3,4],[2.0,0.0,0.0,0.0,1.0]),0.0,0.0]
[(5,[0,1,2,3,4],[2.0,0.0,0.0,1.0,0.0]),0.0,0.0]
[(5,[0,1,2,3,4],[2.0,2.0,1.0,0.0,0.0]),1.0,0.0]
[(5,[0,1,2,3,4],[2.0,0.0,1.0,0.0,1.0]),1.0,0.0]
[(5,[0,1,2,3,4],[2.0,2.0,1.0,0.0,0.0]),0.0,0.0]
[(5,[0,1,2,3,4],[2.0,0.0,0.0,0.0,0.0]),0.0,0.0]
[(5,[0,1,2,3,4],[2.0,2.0,3.0,1.0,0.0]),1.0,0.0]
[(5,[0,1,2,3,4],[2.0,2.0,0.0,0.0,1.0]),1.0,0.0]
[(5,[0,1,2,3,4],[2.0,0.0,3.0,1.0,0.0]),0.0,0.0]
[(5,[0,1,2,3,4],[2.0,0.0,0.0,1.0,0.0]),0.0,0.0]
[(5,[0,1,2,3,4],[2.0,0.0,1.0,0.0,1.0]),1.0,0.0]
[(5,[0,1,2,3,4],[2.0,2.0,3.0,1.0,1.0]),1.0,0.0]
[(5,[0,1,2,3,4],[2.0,0.0,1.0,1.0,1.0]),0.0,0.0]
[(5,[0,1,2,3,4],[2.0,2.0,3.0,0.0,1.0]),0.0,0.0]
[(5,[0,1,2,3,4],[2.0,0.0,0.0,0.0,0.0]),0.0,0.0]
[(5,[0,1,2,3,4],[2.0,2.0,1.0,0.0,0.0]),1.0,0.0]
[(5,[0,1,2,3,4],[2.0,0.0,2.0,0.0,0.0]),1.0,0.0]
[(5,[0,1,2,3,4],[2.0,2.0,3.0,0.0,1.0]),0.0,0.0]
[(5,[0,1,2,3,4],[2.0,0.0,2.0,0.0,1.0]),0.0,0.0]
[(5,[0,1,2,3,4],[2.0,0.0,2.0,0.0,0.0]),1.0,0.0]
[(5,[0,1,2,3,4],[2.0,2.0,2.0,1.0,0.0]),1.0,0.0]
[(5,[0,1,2,3,4],[2.0,0.0,2.0,0.0,0.0]),1.0,0.0]
[(5,[0,1,2,3,4],[2.0,0.0,1.0,0.0,1.0]),1.0,0.0]
[(5,[0,1,2,3,4],[2.0,0.0,0.0,0.0,0.0]),1.0,0.0]
[(5,[0,1,2,3,4],[2.0,2.0,3.0,0.0,1.0]),1.0,0.0]
[(5,[0,1,2,3,4],[2.0,0.0,1.0,0.0,0.0]),0.0,0.0]
[(5,[0,1,2,3,4],[2.0,0.0,3.0,1.0,0.0]),1.0,0.0]
[(5,[0,1,2,3,4],[2.0,2.0,1.0,1.0,1.0]),0.0,0.0]
[(5,[0,1,2,3,4],[2.0,0.0,0.0,0.0,0.0]),0.0,0.0]
[(5,[0,1,2,3,4],[2.0,0.0,2.0,0.0,1.0]),0.0,0.0]
[(5,[0,1,2,3,4],[2.0,0.0,1.0,0.0,1.0]),1.0,0.0]
[(5,[0,1,2,3,4],[2.0,2.0,3.0,0.0,0.0]),1.0,0.0]
[(5,[0,1,2,3,4],[2.0,0.0,2.0,1.0,1.0]),0.0,0.0]
[(5,[0,1,2,3,4],[2.0,0.0,0.0,0.0,0.0]),0.0,0.0]
[(5,[0,1,2,3,4],[2.0,2.0,0.0,0.0,0.0]),0.0,0.0]
[(5,[0,1,2,3,4],[2.0,0.0,2.0,0.0,1.0]),0.0,0.0]
[(5,[0,1,2,3,4],[2.0,2.0,1.0,1.0,1.0]),1.0,0.0]
[(5,[0,1,2,3,4],[2.0,0.0,2.0,1.0,0.0]),1.0,0.0]
[(5,[0,1,2,3,4],[2.0,0.0,0.0,0.0,0.0]),1.0,0.0]
[(5,[0,1,2,3,4],[2.0,2.0,0.0,1.0,0.0]),0.0,0.0]
[(5,[0,1,2,3,4],[2.0,2.0,2.0,1.0,1.0]),1.0,0.0]
[(5,[0,1,2,3,4],[2.0,2.0,2.0,0.0,1.0]),0.0,0.0]
[(5,[0,1,2,3,4],[2.0,2.0,3.0,1.0,0.0]),1.0,0.0]
[(5,[0,1,2,3,4],[2.0,2.0,2.0,0.0,1.0]),0.0,0.0]
[(5,[0,1,2,3,4],[2.0,2.0,2.0,1.0,0.0]),0.0,0.0]
[(5,[0,1,2,3,4],[2.0,0.0,2.0,1.0,1.0]),0.0,0.0]
[(5,[0,1,2,3,4],[2.0,0.0,0.0,0.0,1.0]),0.0,0.0]
[(5,[0,1,2,3,4],[2.0,2.0,0.0,0.0,1.0]),1.0,0.0]
[(5,[0,1,2,3,4],[2.0,2.0,2.0,1.0,0.0]),1.0,0.0]
[(5,[0,1,2,3,4],[2.0,0.0,1.0,0.0,0.0]),1.0,0.0]
[(5,[0,1,2,3,4],[2.0,2.0,3.0,0.0,0.0]),1.0,0.0]
[(5,[0,1,2,3,4],[2.0,0.0,1.0,0.0,1.0]),0.0,0.0]
[(5,[0,1,2,3,4],[2.0,2.0,3.0,1.0,0.0]),1.0,0.0]
[(5,[0,1,2,3,4],[2.0,0.0,2.0,0.0,1.0]),1.0,0.0]
[(5,[0,1,2,3,4],[2.0,0.0,3.0,0.0,0.0]),0.0,0.0]
[(5,[0,1,2,3,4],[2.0,2.0,3.0,0.0,1.0]),0.0,0.0]
[(5,[0,1,2,3,4],[2.0,0.0,3.0,0.0,0.0]),1.0,0.0]
[(5,[0,1,2,3,4],[2.0,0.0,3.0,1.0,0.0]),0.0,0.0]
[(5,[0,1,2,3,4],[2.0,0.0,2.0,0.0,1.0]),0.0,0.0]
[(5,[0,1,2,3,4],[2.0,2.0,2.0,1.0,0.0]),0.0,0.0]
[(5,[0,1,2,3,4],[2.0,0.0,3.0,1.0,0.0]),1.0,0.0]
[(5,[0,1,2,3,4],[2.0,0.0,0.0,1.0,1.0]),1.0,0.0]
[(5,[0,1,2,3,4],[2.0,2.0,0.0,0.0,1.0]),1.0,0.0]
[(5,[0,1,2,3,4],[2.0,0.0,1.0,0.0,1.0]),0.0,0.0]
[(5,[0,1,2,3,4],[2.0,0.0,2.0,1.0,0.0]),0.0,0.0]
[(5,[0,1,2,3,4],[2.0,2.0,1.0,0.0,0.0]),0.0,0.0]
[(5,[0,1,2,3,4],[2.0,0.0,0.0,1.0,1.0]),1.0,0.0]
[(5,[0,1,2,3,4],[2.0,2.0,2.0,0.0,1.0]),0.0,0.0]
[(5,[0,1,2,3,4],[2.0,0.0,1.0,0.0,1.0]),0.0,0.0]
[(5,[0,1,2,3,4],[2.0,0.0,2.0,1.0,1.0]),1.0,0.0]
[(5,[0,1,2,3,4],[2.0,2.0,2.0,1.0,0.0]),0.0,0.0]
[(5,[0,1,2,3,4],[2.0,2.0,1.0,0.0,0.0]),1.0,0.0]
[(5,[0,1,2,3,4],[2.0,0.0,0.0,0.0,1.0]),0.0,0.0]
[(5,[0,1,2,3,4],[2.0,0.0,0.0,0.0,0.0]),1.0,0.0]
[(5,[0,1,2,3,4],[2.0,0.0,0.0,0.0,0.0]),1.0,0.0]
[(5,[0,1,2,3,4],[2.0,0.0,1.0,1.0,0.0]),0.0,0.0]
[(5,[0,1,2,3,4],[2.0,0.0,2.0,1.0,1.0]),1.0,0.0]
[(5,[0,1,2,3,4],[2.0,2.0,0.0,0.0,0.0]),1.0,0.0]
[(5,[0,1,2,3,4],[2.0,2.0,2.0,1.0,0.0]),0.0,0.0]
[(5,[0,1,2,3,4],[2.0,0.0,0.0,1.0,1.0]),1.0,0.0]
[(5,[0,1,2,3,4],[2.0,0.0,3.0,1.0,0.0]),1.0,0.0]
[(5,[0,1,2,3,4],[2.0,2.0,0.0,1.0,0.0]),0.0,0.0]
[(5,[0,1,2,3,4],[2.0,2.0,1.0,0.0,1.0]),1.0,0.0]
[(5,[0,1,2,3,4],[2.0,0.0,3.0,0.0,0.0]),0.0,0.0]
[(5,[0,1,2,3,4],[2.0,2.0,2.0,0.0,1.0]),1.0,0.0]
[(5,[0,1,2,3,4],[2.0,0.0,2.0,0.0,1.0]),0.0,0.0]
[(5,[0,1,2,3,4],[2.0,0.0,3.0,0.0,0.0]),0.0,0.0]
[(5,[0,1,2,3,4],[2.0,2.0,3.0,1.0,0.0]),0.0,0.0]
[(5,[0,1,2,3,4],[2.0,2.0,0.0,0.0,1.0]),0.0,0.0]
[(5,[0,1,2,3,4],[2.0,0.0,2.0,0.0,1.0]),1.0,0.0]
[(5,[0,1,2,3,4],[2.0,0.0,3.0,0.0,0.0]),0.0,0.0]
[(5,[0,1,2,3,4],[2.0,0.0,3.0,0.0,0.0]),0.0,0.0]
[(5,[0,1,2,3,4],[2.0,2.0,1.0,0.0,0.0]),1.0,0.0]
[(5,[0,1,2,3,4],[2.0,0.0,0.0,1.0,0.0]),1.0,0.0]
[(5,[0,1,2,3,4],[2.0,0.0,1.0,0.0,0.0]),1.0,0.0]
[(5,[0,1,2,3,4],[2.0,2.0,2.0,0.0,0.0]),0.0,0.0]
[(5,[0,1,2,3,4],[2.0,0.0,2.0,1.0,0.0]),0.0,0.0]
[(5,[0,1,2,3,4],[2.0,2.0,1.0,1.0,1.0]),0.0,0.0]
[(5,[0,1,2,3,4],[2.0,2.0,1.0,0.0,1.0]),0.0,0.0]
[(5,[0,1,2,3,4],[2.0,0.0,2.0,1.0,1.0]),0.0,0.0]
[(5,[0,1,2,3,4],[2.0,0.0,2.0,0.0,0.0]),0.0,0.0]
[(5,[0,1,2,3,4],[2.0,2.0,0.0,1.0,1.0]),0.0,0.0]
[(5,[0,1,2,3,4],[2.0,2.0,2.0,1.0,0.0]),0.0,0.0]
[(5,[0,1,2,3,4],[2.0,2.0,1.0,0.0,1.0]),0.0,0.0]
[(5,[0,1,2,3,4],[2.0,0.0,0.0,1.0,1.0]),0.0,0.0]
[(5,[0,1,2,3,4],[2.0,0.0,2.0,0.0,1.0]),0.0,0.0]
[(5,[0,1,2,3,4],[2.0,0.0,2.0,0.0,1.0]),0.0,0.0]
[(5,[0,1,2,3,4],[2.0,2.0,3.0,0.0,0.0]),1.0,0.0]
[(5,[0,1,2,3,4],[2.0,0.0,0.0,1.0,1.0]),1.0,0.0]
[(5,[0,1,2,3,4],[2.0,2.0,0.0,1.0,1.0]),1.0,0.0]
[(5,[0,1,2,3,4],[2.0,2.0,2.0,1.0,0.0]),0.0,0.0]
[(5,[0,1,2,3,4],[2.0,0.0,1.0,0.0,0.0]),1.0,0.0]
[(5,[0,1,2,3,4],[2.0,2.0,0.0,1.0,1.0]),1.0,0.0]
[(5,[0,1,2,3,4],[2.0,2.0,0.0,0.0,0.0]),1.0,0.0]
[(5,[0,1,2,3,4],[2.0,0.0,0.0,0.0,1.0]),1.0,0.0]
[(5,[0,1,2,3,4],[2.0,0.0,3.0,0.0,1.0]),0.0,0.0]
[(5,[0,1,2,3,4],[2.0,0.0,2.0,1.0,0.0]),1.0,0.0]
[(5,[0,1,2,3,4],[2.0,2.0,1.0,0.0,1.0]),0.0,0.0]
[(5,[0,1,2,3,4],[2.0,2.0,3.0,0.0,0.0]),0.0,0.0]
[(5,[0,1,2,3,4],[2.0,0.0,2.0,0.0,0.0]),0.0,0.0]
[(5,[0,1,2,3,4],[2.0,0.0,0.0,0.0,0.0]),0.0,0.0]
[(5,[0,1,2,3,4],[2.0,2.0,3.0,0.0,1.0]),0.0,0.0]
[(5,[0,1,2,3,4],[2.0,2.0,0.0,1.0,1.0]),0.0,0.0]
[(5,[0,1,2,3,4],[2.0,0.0,0.0,1.0,1.0]),0.0,0.0]
[(5,[0,1,2,3,4],[2.0,2.0,2.0,1.0,1.0]),0.0,0.0]
[(5,[0,1,2,3,4],[2.0,2.0,3.0,0.0,1.0]),1.0,0.0]
[(5,[0,1,2,3,4],[2.0,2.0,0.0,1.0,1.0]),1.0,0.0]
[(5,[0,1,2,3,4],[2.0,2.0,3.0,0.0,0.0]),1.0,0.0]
[(5,[0,1,2,3,4],[2.0,0.0,0.0,1.0,0.0]),1.0,0.0]
[(5,[0,1,2,3,4],[2.0,0.0,1.0,0.0,1.0]),0.0,0.0]
[(5,[0,1,2,3,4],[2.0,0.0,2.0,0.0,1.0]),0.0,0.0]
[(5,[0,1,2,3,4],[2.0,0.0,0.0,0.0,0.0]),0.0,0.0]
[(5,[0,1,2,3,4],[2.0,0.0,0.0,1.0,1.0]),1.0,0.0]
[(5,[0,1,2,3,4],[2.0,2.0,2.0,0.0,0.0]),0.0,0.0]
[(5,[0,1,2,3,4],[2.0,0.0,1.0,0.0,1.0]),1.0,0.0]
[(5,[0,1,2,3,4],[2.0,2.0,1.0,1.0,0.0]),0.0,0.0]
[(5,[0,1,2,3,4],[2.0,2.0,3.0,1.0,0.0]),1.0,0.0]
[(5,[0,1,2,3,4],[2.0,0.0,0.0,0.0,1.0]),0.0,0.0]
[(5,[0,1,2,3,4],[2.0,2.0,2.0,0.0,0.0]),0.0,0.0]
[(5,[0,1,2,3,4],[2.0,2.0,2.0,0.0,1.0]),0.0,0.0]
[(5,[0,1,2,3,4],[2.0,2.0,1.0,1.0,1.0]),0.0,0.0]
[(5,[0,1,2,3,4],[2.0,2.0,3.0,1.0,1.0]),0.0,0.0]
[(5,[0,1,2,3,4],[2.0,2.0,3.0,0.0,1.0]),0.0,0.0]
[(5,[0,1,2,3,4],[2.0,0.0,1.0,1.0,0.0]),0.0,0.0]
[(5,[0,1,2,3,4],[2.0,0.0,1.0,0.0,1.0]),1.0,0.0]
[(5,[0,1,2,3,4],[2.0,2.0,3.0,0.0,1.0]),0.0,0.0]
[(5,[0,1,2,3,4],[2.0,2.0,0.0,0.0,0.0]),1.0,0.0]
[(5,[0,1,2,3,4],[2.0,0.0,0.0,0.0,0.0]),0.0,0.0]
[(5,[0,1,2,3,4],[2.0,2.0,3.0,0.0,1.0]),0.0,0.0]
[(5,[0,1,2,3,4],[2.0,2.0,0.0,1.0,1.0]),0.0,0.0]
[(5,[0,1,2,3,4],[2.0,2.0,2.0,0.0,0.0]),0.0,0.0]
[(5,[0,1,2,3,4],[2.0,2.0,0.0,0.0,0.0]),0.0,0.0]
[(5,[0,1,2,3,4],[2.0,0.0,3.0,0.0,0.0]),0.0,0.0]
[(5,[0,1,2,3,4],[2.0,2.0,0.0,1.0,1.0]),1.0,0.0]
[(5,[0,1,2,3,4],[2.0,2.0,1.0,0.0,1.0]),0.0,0.0]
[(5,[0,1,2,3,4],[2.0,2.0,1.0,1.0,0.0]),0.0,0.0]
[(5,[0,1,2,3,4],[2.0,0.0,3.0,1.0,0.0]),0.0,0.0]
[(5,[0,1,2,3,4],[2.0,2.0,0.0,0.0,0.0]),0.0,0.0]
[(5,[0,1,2,3,4],[2.0,2.0,3.0,1.0,1.0]),0.0,0.0]
[(5,[0,1,2,3,4],[2.0,2.0,3.0,1.0,0.0]),0.0,0.0]
[(5,[0,1,2,3,4],[2.0,0.0,3.0,1.0,0.0]),0.0,0.0]
[(5,[0,1,2,3,4],[2.0,2.0,2.0,0.0,0.0]),1.0,0.0]
[(5,[0,1,2,3,4],[2.0,2.0,1.0,0.0,0.0]),1.0,0.0]
[(5,[0,1,2,3,4],[2.0,2.0,0.0,1.0,0.0]),0.0,0.0]
[(5,[0,1,2,3,4],[2.0,2.0,3.0,1.0,1.0]),0.0,0.0]
[(5,[0,1,2,3,4],[2.0,2.0,0.0,0.0,1.0]),0.0,0.0]
[(5,[0,1,2,3,4],[2.0,2.0,2.0,1.0,0.0]),0.0,0.0]
[(5,[0,1,2,3,4],[2.0,2.0,3.0,1.0,1.0]),0.0,0.0]
[(5,[0,1,2,3,4],[2.0,2.0,3.0,1.0,0.0]),0.0,0.0]
[(5,[0,1,2,3,4],[2.0,0.0,2.0,1.0,1.0]),1.0,0.0]
[(5,[0,1,2,3,4],[2.0,2.0,0.0,1.0,1.0]),1.0,0.0]
[(5,[0,1,2,3,4],[2.0,2.0,3.0,1.0,1.0]),0.0,0.0]
[(5,[0,1,2,3,4],[2.0,0.0,0.0,0.0,1.0]),0.0,0.0]
[(5,[0,1,2,3,4],[2.0,0.0,1.0,0.0,0.0]),0.0,0.0]
[(5,[0,1,2,3,4],[2.0,2.0,0.0,1.0,0.0]),1.0,0.0]
[(5,[0,1,2,3,4],[2.0,0.0,3.0,1.0,0.0]),0.0,0.0]
[(5,[0,1,2,3,4],[2.0,2.0,3.0,0.0,0.0]),0.0,0.0]
[(5,[0,1,2,3,4],[2.0,2.0,0.0,0.0,0.0]),1.0,0.0]
[(5,[0,1,2,3,4],[2.0,2.0,0.0,0.0,1.0]),0.0,0.0]
[(5,[0,1,2,3,4],[2.0,0.0,0.0,1.0,1.0]),0.0,0.0]
[(5,[0,1,2,3,4],[2.0,2.0,0.0,1.0,1.0]),1.0,0.0]
[(5,[0,1,2,3,4],[2.0,2.0,2.0,0.0,0.0]),1.0,0.0]
[(5,[0,1,2,3,4],[2.0,2.0,2.0,1.0,0.0]),0.0,0.0]
[(5,[0,1,2,3,4],[2.0,2.0,2.0,0.0,1.0]),0.0,0.0]
[(5,[0,1,2,3,4],[2.0,2.0,0.0,0.0,1.0]),1.0,0.0]
[(5,[0,1,2,3,4],[2.0,2.0,3.0,1.0,0.0]),0.0,0.0]
[(5,[0,1,2,3,4],[2.0,0.0,0.0,1.0,1.0]),0.0,0.0]
[(5,[0,1,2,3,4],[2.0,2.0,0.0,0.0,0.0]),1.0,0.0]
[(5,[0,1,2,3,4],[2.0,0.0,3.0,0.0,0.0]),0.0,0.0]
[(5,[0,1,2,3,4],[2.0,2.0,1.0,0.0,1.0]),1.0,0.0]
[(5,[0,1,2,3,4],[2.0,2.0,0.0,0.0,1.0]),1.0,0.0]
[(5,[0,1,2,3,4],[2.0,0.0,0.0,1.0,0.0]),0.0,0.0]
[(5,[0,1,2,3,4],[2.0,0.0,3.0,1.0,1.0]),1.0,0.0]
[(5,[0,1,2,3,4],[2.0,0.0,2.0,0.0,1.0]),0.0,0.0]
[(5,[0,1,2,3,4],[2.0,2.0,3.0,1.0,0.0]),1.0,0.0]
[(5,[0,1,2,3,4],[2.0,2.0,0.0,0.0,0.0]),1.0,0.0]
[(5,[0,1,2,3,4],[2.0,0.0,1.0,0.0,1.0]),1.0,0.0]
[(5,[0,1,2,3,4],[2.0,2.0,2.0,1.0,0.0]),1.0,0.0]
[(5,[0,1,2,3,4],[2.0,0.0,1.0,0.0,1.0]),1.0,0.0]
[(5,[0,1,2,3,4],[2.0,2.0,0.0,0.0,0.0]),0.0,0.0]
[(5,[0,1,2,3,4],[2.0,2.0,2.0,0.0,1.0]),1.0,0.0]
[(5,[0,1,2,3,4],[2.0,0.0,0.0,1.0,1.0]),1.0,0.0]
[(5,[0,1,2,3,4],[2.0,0.0,3.0,1.0,0.0]),1.0,0.0]
[(5,[0,1,2,3,4],[2.0,2.0,0.0,1.0,1.0]),1.0,0.0]
[(5,[0,1,2,3,4],[2.0,2.0,0.0,1.0,1.0]),1.0,0.0]
[(5,[0,1,2,3,4],[2.0,0.0,3.0,1.0,1.0]),0.0,0.0]
[(5,[0,1,2,3,4],[2.0,0.0,3.0,0.0,0.0]),0.0,0.0]
[(5,[0,1,2,3,4],[2.0,2.0,3.0,1.0,1.0]),0.0,0.0]
[(5,[0,1,2,3,4],[2.0,2.0,1.0,0.0,0.0]),0.0,0.0]
[(5,[0,1,2,3,4],[2.0,0.0,3.0,0.0,1.0]),0.0,0.0]
[(5,[0,1,2,3,4],[2.0,2.0,3.0,0.0,0.0]),0.0,0.0]
[(5,[0,1,2,3,4],[2.0,2.0,0.0,0.0,1.0]),0.0,0.0]
[(5,[0,1,2,3,4],[2.0,2.0,2.0,0.0,0.0]),0.0,0.0]
[(5,[0,1,2,3,4],[2.0,0.0,0.0,0.0,1.0]),1.0,0.0]
[(5,[0,1,2,3,4],[2.0,2.0,1.0,1.0,0.0]),1.0,0.0]
[(5,[0,1,2,3,4],[2.0,2.0,2.0,0.0,1.0]),0.0,0.0]
[(5,[0,1,2,3,4],[2.0,2.0,3.0,0.0,0.0]),1.0,0.0]
[(5,[0,1,2,3,4],[2.0,0.0,0.0,0.0,1.0]),0.0,0.0]
[(5,[0,1,2,3,4],[2.0,0.0,1.0,0.0,1.0]),1.0,0.0]
[(5,[0,1,2,3,4],[2.0,2.0,2.0,0.0,1.0]),0.0,0.0]
[(5,[0,1,2,3,4],[2.0,0.0,2.0,1.0,0.0]),0.0,0.0]
[(5,[0,1,2,3,4],[2.0,0.0,3.0,1.0,1.0]),1.0,0.0]
[(5,[0,1,2,3,4],[2.0,2.0,1.0,0.0,1.0]),0.0,0.0]
[(5,[0,1,2,3,4],[2.0,0.0,1.0,0.0,1.0]),0.0,0.0]
[(5,[0,1,2,3,4],[2.0,0.0,3.0,1.0,0.0]),0.0,0.0]
[(5,[0,1,2,3,4],[2.0,0.0,1.0,1.0,1.0]),0.0,0.0]
[(5,[0,1,2,3,4],[2.0,0.0,2.0,0.0,0.0]),0.0,0.0]
[(5,[0,1,2,3,4],[2.0,0.0,0.0,0.0,0.0]),0.0,0.0]
[(5,[0,1,2,3,4],[2.0,2.0,1.0,0.0,0.0]),0.0,0.0]
[(5,[0,1,2,3,4],[2.0,2.0,0.0,0.0,1.0]),0.0,0.0]
[(5,[0,1,2,3,4],[2.0,2.0,2.0,1.0,0.0]),0.0,0.0]
[(5,[0,1,2,3,4],[2.0,2.0,1.0,0.0,1.0]),0.0,0.0]
[(5,[0,1,2,3,4],[2.0,0.0,3.0,1.0,0.0]),1.0,0.0]
[(5,[0,1,2,3,4],[2.0,2.0,1.0,0.0,0.0]),0.0,0.0]
[(5,[0,1,2,3,4],[2.0,0.0,2.0,1.0,1.0]),0.0,0.0]
[(5,[0,1,2,3,4],[2.0,2.0,0.0,1.0,1.0]),1.0,0.0]
[(5,[0,1,2,3,4],[2.0,2.0,3.0,0.0,0.0]),0.0,0.0]
[(5,[0,1,2,3,4],[2.0,0.0,1.0,1.0,0.0]),0.0,0.0]
[(5,[0,1,2,3,4],[2.0,2.0,2.0,1.0,0.0]),1.0,0.0]
[(5,[0,1,2,3,4],[2.0,0.0,2.0,1.0,1.0]),0.0,0.0]
[(5,[0,1,2,3,4],[2.0,0.0,1.0,1.0,0.0]),1.0,0.0]
[(5,[0,1,2,3,4],[2.0,2.0,0.0,0.0,0.0]),1.0,0.0]
[(5,[0,1,2,3,4],[2.0,2.0,0.0,1.0,0.0]),0.0,0.0]
[(5,[0,1,2,3,4],[2.0,2.0,0.0,0.0,0.0]),0.0,0.0]
[(5,[0,1,2,3,4],[2.0,2.0,3.0,0.0,0.0]),0.0,0.0]
[(5,[0,1,2,3,4],[2.0,2.0,0.0,0.0,0.0]),1.0,0.0]
[(5,[0,1,2,3,4],[2.0,2.0,3.0,0.0,0.0]),1.0,0.0]
[(5,[0,1,2,3,4],[2.0,2.0,2.0,0.0,0.0]),1.0,0.0]
[(5,[0,1,2,3,4],[2.0,2.0,0.0,0.0,1.0]),0.0,0.0]
[(5,[0,1,2,3,4],[2.0,0.0,1.0,0.0,0.0]),0.0,0.0]
[(5,[0,1,2,3,4],[2.0,2.0,2.0,0.0,1.0]),1.0,0.0]
[(5,[0,1,2,3,4],[2.0,0.0,1.0,0.0,0.0]),0.0,0.0]
[(5,[0,1,2,3,4],[2.0,0.0,2.0,0.0,1.0]),1.0,0.0]
[(5,[0,1,2,3,4],[2.0,0.0,3.0,1.0,1.0]),0.0,0.0]
[(5,[0,1,2,3,4],[2.0,2.0,3.0,0.0,1.0]),0.0,0.0]
[(5,[0,1,2,3,4],[2.0,2.0,0.0,0.0,0.0]),0.0,0.0]
[(5,[0,1,2,3,4],[2.0,2.0,0.0,0.0,0.0]),1.0,0.0]
[(5,[0,1,2,3,4],[2.0,2.0,2.0,0.0,0.0]),0.0,0.0]
[(5,[0,1,2,3,4],[2.0,0.0,2.0,0.0,0.0]),0.0,0.0]
[(5,[0,1,2,3,4],[2.0,2.0,2.0,0.0,0.0]),0.0,0.0]
[(5,[0,1,2,3,4],[2.0,2.0,0.0,1.0,1.0]),0.0,0.0]
[(5,[0,1,2,3,4],[2.0,0.0,1.0,0.0,0.0]),1.0,0.0]
[(5,[0,1,2,3,4],[2.0,2.0,0.0,0.0,0.0]),0.0,0.0]
[(5,[0,1,2,3,4],[2.0,0.0,2.0,0.0,0.0]),0.0,0.0]
[(5,[0,1,2,3,4],[2.0,0.0,3.0,1.0,0.0]),1.0,0.0]
[(5,[0,1,2,3,4],[2.0,0.0,1.0,1.0,1.0]),0.0,0.0]
[(5,[0,1,2,3,4],[2.0,0.0,2.0,1.0,1.0]),0.0,0.0]
[(5,[0,1,2,3,4],[2.0,2.0,2.0,1.0,0.0]),1.0,0.0]
[(5,[0,1,2,3,4],[2.0,2.0,2.0,0.0,1.0]),0.0,0.0]
[(5,[0,1,2,3,4],[2.0,0.0,0.0,1.0,1.0]),0.0,0.0]
[(5,[0,1,2,3,4],[2.0,2.0,3.0,1.0,0.0]),1.0,0.0]
[(5,[0,1,2,3,4],[2.0,2.0,1.0,1.0,0.0]),0.0,0.0]
[(5,[0,1,2,3,4],[2.0,2.0,3.0,1.0,1.0]),1.0,0.0]
[(5,[0,1,2,3,4],[2.0,2.0,2.0,0.0,1.0]),1.0,0.0]
[(5,[0,1,2,3,4],[2.0,0.0,1.0,0.0,1.0]),0.0,0.0]
[(5,[0,1,2,3,4],[2.0,0.0,3.0,1.0,0.0]),0.0,0.0]
[(5,[0,1,2,3,4],[2.0,2.0,3.0,0.0,1.0]),0.0,0.0]
[(5,[0,1,2,3,4],[2.0,2.0,0.0,0.0,1.0]),0.0,0.0]
[(5,[0,1,2,3,4],[2.0,2.0,2.0,0.0,0.0]),0.0,0.0]
[(5,[0,1,2,3,4],[2.0,2.0,0.0,1.0,1.0]),0.0,0.0]
[(5,[0,1,2,3,4],[2.0,0.0,1.0,0.0,0.0]),1.0,0.0]
[(5,[0,1,2,3,4],[2.0,2.0,3.0,0.0,1.0]),0.0,0.0]
[(5,[0,1,2,3,4],[2.0,2.0,0.0,1.0,1.0]),0.0,0.0]
[(5,[0,1,2,3,4],[2.0,2.0,3.0,1.0,1.0]),1.0,0.0]
[(5,[0,1,2,3,4],[2.0,0.0,0.0,0.0,1.0]),0.0,0.0]
[(5,[0,1,2,3,4],[2.0,0.0,3.0,1.0,1.0]),0.0,0.0]
[(5,[0,1,2,3,4],[2.0,0.0,1.0,0.0,0.0]),0.0,0.0]
[(5,[0,1,2,3,4],[2.0,0.0,3.0,1.0,1.0]),0.0,0.0]
[(5,[0,1,2,3,4],[2.0,2.0,2.0,0.0,0.0]),0.0,0.0]
[(5,[0,1,2,3,4],[2.0,0.0,1.0,0.0,0.0]),0.0,0.0]
[(5,[0,1,2,3,4],[2.0,2.0,3.0,1.0,1.0]),1.0,0.0]
[(5,[0,1,2,3,4],[2.0,2.0,0.0,1.0,1.0]),0.0,0.0]
[(5,[0,1,2,3,4],[2.0,2.0,2.0,1.0,1.0]),0.0,0.0]
[(5,[0,1,2,3,4],[2.0,0.0,2.0,0.0,1.0]),1.0,0.0]
[(5,[0,1,2,3,4],[2.0,2.0,1.0,0.0,1.0]),1.0,0.0]
[(5,[0,1,2,3,4],[2.0,2.0,2.0,1.0,1.0]),0.0,0.0]
[(5,[0,1,2,3,4],[2.0,0.0,2.0,1.0,0.0]),0.0,0.0]
[(5,[0,1,2,3,4],[2.0,0.0,2.0,1.0,0.0]),0.0,0.0]
[(5,[0,1,2,3,4],[2.0,2.0,3.0,0.0,0.0]),0.0,0.0]
[(5,[0,1,2,3,4],[2.0,0.0,0.0,0.0,0.0]),1.0,0.0]
[(5,[0,1,2,3,4],[2.0,0.0,1.0,1.0,1.0]),0.0,0.0]
[(5,[0,1,2,3,4],[2.0,0.0,2.0,1.0,0.0]),0.0,0.0]
[(5,[0,1,2,3,4],[2.0,2.0,0.0,1.0,0.0]),1.0,0.0]
[(5,[0,1,2,3,4],[2.0,2.0,0.0,1.0,0.0]),0.0,0.0]
[(5,[0,1,2,3,4],[2.0,0.0,2.0,0.0,1.0]),0.0,0.0]
[(5,[0,1,2,3,4],[2.0,0.0,2.0,1.0,1.0]),0.0,0.0]
[(5,[0,1,2,3,4],[2.0,2.0,0.0,1.0,1.0]),0.0,0.0]
[(5,[0,1,2,3,4],[2.0,2.0,0.0,0.0,0.0]),0.0,0.0]
[(5,[0,1,2,3,4],[2.0,0.0,3.0,0.0,0.0]),0.0,0.0]
[(5,[0,1,2,3,4],[2.0,0.0,0.0,1.0,1.0]),1.0,0.0]
[(5,[0,1,2,3,4],[2.0,2.0,0.0,0.0,1.0]),0.0,0.0]
[(5,[0,1,2,3,4],[2.0,2.0,0.0,1.0,1.0]),0.0,0.0]
[(5,[0,1,2,3,4],[2.0,2.0,1.0,1.0,1.0]),0.0,0.0]
[(5,[0,1,2,3,4],[2.0,2.0,0.0,1.0,1.0]),1.0,0.0]
[(5,[0,1,2,3,4],[2.0,0.0,3.0,0.0,0.0]),1.0,0.0]
[(5,[0,1,2,3,4],[2.0,0.0,1.0,1.0,0.0]),0.0,0.0]
[(5,[0,1,2,3,4],[2.0,0.0,2.0,0.0,1.0]),0.0,0.0]
[(5,[0,1,2,3,4],[2.0,2.0,2.0,0.0,1.0]),0.0,0.0]
[(5,[0,1,2,3,4],[2.0,2.0,1.0,0.0,0.0]),0.0,0.0]
[(5,[0,1,2,3,4],[2.0,2.0,1.0,0.0,1.0]),0.0,0.0]
[(5,[0,1,2,3,4],[2.0,2.0,3.0,0.0,1.0]),0.0,0.0]
[(5,[0,1,2,3,4],[2.0,0.0,3.0,0.0,1.0]),0.0,0.0]
[(5,[0,1,2,3,4],[2.0,2.0,0.0,1.0,0.0]),0.0,0.0]
[(5,[0,1,2,3,4],[2.0,0.0,3.0,0.0,0.0]),0.0,0.0]
[(5,[0,1,2,3,4],[2.0,0.0,2.0,1.0,1.0]),1.0,0.0]
[(5,[0,1,2,3,4],[2.0,0.0,0.0,1.0,0.0]),0.0,0.0]
[(5,[0,1,2,3,4],[2.0,2.0,0.0,0.0,1.0]),0.0,0.0]
[(5,[0,1,2,3,4],[2.0,2.0,1.0,0.0,0.0]),0.0,0.0]
[(5,[0,1,2,3,4],[2.0,0.0,2.0,1.0,1.0]),1.0,0.0]
[(5,[0,1,2,3,4],[2.0,2.0,1.0,0.0,1.0]),1.0,0.0]
[(5,[0,1,2,3,4],[2.0,2.0,2.0,1.0,0.0]),1.0,0.0]
[(5,[0,1,2,3,4],[2.0,0.0,0.0,0.0,0.0]),0.0,0.0]
[(5,[0,1,2,3,4],[2.0,0.0,3.0,0.0,1.0]),1.0,0.0]
[(5,[0,1,2,3,4],[2.0,2.0,0.0,0.0,0.0]),1.0,0.0]
[(5,[0,1,2,3,4],[2.0,2.0,2.0,1.0,0.0]),0.0,0.0]
[(5,[0,1,2,3,4],[2.0,2.0,3.0,0.0,0.0]),0.0,0.0]
[(5,[0,1,2,3,4],[2.0,2.0,1.0,1.0,1.0]),0.0,0.0]
[(5,[0,1,2,3,4],[2.0,0.0,3.0,0.0,0.0]),1.0,0.0]
[(5,[0,1,2,3,4],[2.0,2.0,3.0,0.0,0.0]),0.0,0.0]
[(5,[0,1,2,3,4],[2.0,2.0,0.0,0.0,0.0]),1.0,0.0]
[(5,[0,1,2,3,4],[2.0,0.0,2.0,0.0,0.0]),0.0,0.0]
[(5,[0,1,2,3,4],[2.0,2.0,1.0,0.0,1.0]),0.0,0.0]
[(5,[0,1,2,3,4],[2.0,2.0,1.0,0.0,0.0]),0.0,0.0]
[(5,[0,1,2,3,4],[2.0,0.0,0.0,0.0,0.0]),1.0,0.0]
[(5,[0,1,2,3,4],[2.0,2.0,0.0,0.0,0.0]),0.0,0.0]
[(5,[0,1,2,3,4],[2.0,0.0,0.0,1.0,1.0]),0.0,0.0]
[(5,[0,1,2,3,4],[2.0,2.0,1.0,0.0,0.0]),1.0,0.0]
[(5,[0,1,2,3,4],[2.0,2.0,1.0,0.0,1.0]),0.0,0.0]
[(5,[0,1,2,3,4],[2.0,0.0,3.0,0.0,1.0]),1.0,0.0]
[(5,[0,1,2,3,4],[2.0,0.0,0.0,0.0,1.0]),1.0,0.0]
[(5,[0,1,2,3,4],[2.0,2.0,3.0,0.0,1.0]),0.0,0.0]
[(5,[0,1,2,3,4],[2.0,2.0,3.0,1.0,0.0]),1.0,0.0]
[(5,[0,1,2,3,4],[2.0,0.0,2.0,1.0,1.0]),0.0,0.0]
[(5,[0,1,2,3,4],[2.0,2.0,3.0,1.0,0.0]),0.0,0.0]
[(5,[0,1,2,3,4],[2.0,2.0,0.0,1.0,0.0]),1.0,0.0]
[(5,[0,1,2,3,4],[2.0,0.0,0.0,1.0,1.0]),1.0,0.0]
[(5,[0,1,2,3,4],[2.0,0.0,0.0,1.0,1.0]),0.0,0.0]
[(5,[0,1,2,3,4],[2.0,2.0,1.0,0.0,1.0]),0.0,0.0]
[(5,[0,1,2,3,4],[2.0,2.0,2.0,0.0,0.0]),1.0,0.0]
[(5,[0,1,2,3,4],[2.0,2.0,3.0,0.0,0.0]),0.0,0.0]
[(5,[0,1,2,3,4],[2.0,2.0,3.0,1.0,1.0]),1.0,0.0]
[(5,[0,1,2,3,4],[2.0,0.0,0.0,0.0,1.0]),0.0,0.0]
[(5,[0,1,2,3,4],[2.0,0.0,3.0,0.0,1.0]),0.0,0.0]
[(5,[0,1,2,3,4],[2.0,2.0,1.0,0.0,1.0]),0.0,0.0]
[(5,[0,1,2,3,4],[2.0,2.0,1.0,0.0,0.0]),0.0,0.0]
[(5,[0,1,2,3,4],[2.0,2.0,3.0,0.0,1.0]),1.0,0.0]
[(5,[0,1,2,3,4],[2.0,2.0,0.0,1.0,1.0]),1.0,0.0]
[(5,[0,1,2,3,4],[2.0,2.0,0.0,0.0,1.0]),0.0,0.0]
[(5,[0,1,2,3,4],[2.0,2.0,1.0,0.0,0.0]),1.0,0.0]
[(5,[0,1,2,3,4],[2.0,0.0,3.0,0.0,0.0]),0.0,0.0]
[(5,[0,1,2,3,4],[2.0,2.0,3.0,0.0,1.0]),1.0,0.0]
[(5,[0,1,2,3,4],[2.0,0.0,3.0,1.0,1.0]),0.0,0.0]
[(5,[0,1,2,3,4],[2.0,0.0,3.0,1.0,0.0]),0.0,0.0]
[(5,[0,1,2,3,4],[2.0,2.0,3.0,1.0,0.0]),0.0,0.0]
[(5,[0,1,2,3,4],[2.0,2.0,2.0,0.0,1.0]),0.0,0.0]
[(5,[0,1,2,3,4],[2.0,2.0,3.0,0.0,1.0]),0.0,0.0]
[(5,[0,1,2,3,4],[2.0,2.0,0.0,0.0,1.0]),0.0,0.0]
[(5,[0,1,2,3,4],[2.0,0.0,2.0,1.0,1.0]),0.0,0.0]
[(5,[0,1,2,3,4],[2.0,2.0,1.0,1.0,1.0]),1.0,0.0]
[(5,[0,1,2,3,4],[2.0,0.0,3.0,0.0,1.0]),0.0,0.0]
[(5,[0,1,2,3,4],[2.0,0.0,2.0,1.0,0.0]),1.0,0.0]
[(5,[0,1,2,3,4],[2.0,0.0,0.0,0.0,0.0]),1.0,0.0]
[(5,[0,1,2,3,4],[2.0,0.0,0.0,0.0,1.0]),0.0,0.0]
[(5,[0,1,2,3,4],[2.0,2.0,2.0,0.0,1.0]),0.0,0.0]
[(5,[0,1,2,3,4],[2.0,2.0,1.0,0.0,0.0]),1.0,0.0]
[(5,[0,1,2,3,4],[2.0,0.0,0.0,0.0,1.0]),0.0,0.0]
[(5,[0,1,2,3,4],[2.0,0.0,3.0,0.0,0.0]),0.0,0.0]
[(5,[0,1,2,3,4],[2.0,2.0,1.0,0.0,1.0]),0.0,0.0]
[(5,[0,1,2,3,4],[2.0,2.0,2.0,1.0,1.0]),1.0,0.0]
[(5,[0,1,2,3,4],[2.0,0.0,1.0,0.0,1.0]),0.0,0.0]
[(5,[0,1,2,3,4],[2.0,2.0,1.0,1.0,1.0]),1.0,0.0]
[(5,[0,1,2,3,4],[2.0,0.0,1.0,0.0,0.0]),0.0,0.0]
[(5,[0,1,2,3,4],[2.0,2.0,2.0,0.0,0.0]),0.0,0.0]
[(5,[0,1,2,3,4],[2.0,0.0,2.0,0.0,1.0]),1.0,0.0]
[(5,[0,1,2,3,4],[2.0,0.0,0.0,0.0,0.0]),1.0,0.0]
[(5,[0,1,2,3,4],[2.0,2.0,3.0,0.0,1.0]),1.0,0.0]
[(5,[0,1,2,3,4],[2.0,0.0,0.0,0.0,1.0]),0.0,0.0]
[(5,[0,1,2,3,4],[2.0,2.0,2.0,1.0,0.0]),1.0,0.0]
[(5,[0,1,2,3,4],[2.0,0.0,1.0,0.0,1.0]),0.0,0.0]
[(5,[0,1,2,3,4],[2.0,2.0,0.0,0.0,0.0]),0.0,0.0]
[(5,[0,1,2,3,4],[2.0,2.0,0.0,1.0,1.0]),1.0,0.0]
[(5,[0,1,2,3,4],[2.0,2.0,1.0,1.0,1.0]),0.0,0.0]
[(5,[0,1,2,3,4],[2.0,2.0,0.0,0.0,0.0]),0.0,0.0]
[(5,[0,1,2,3,4],[2.0,0.0,3.0,1.0,0.0]),0.0,0.0]
[(5,[0,1,2,3,4],[2.0,0.0,0.0,1.0,0.0]),0.0,0.0]
[(5,[0,1,2,3,4],[2.0,0.0,2.0,0.0,1.0]),1.0,0.0]
[(5,[0,1,2,3,4],[2.0,2.0,0.0,1.0,0.0]),1.0,0.0]
[(5,[0,1,2,3,4],[2.0,2.0,0.0,0.0,1.0]),1.0,0.0]
[(5,[0,1,2,3,4],[2.0,0.0,0.0,1.0,0.0]),0.0,0.0]
[(5,[0,1,2,3,4],[2.0,0.0,2.0,1.0,0.0]),0.0,0.0]
[(5,[0,1,2,3,4],[2.0,2.0,2.0,0.0,0.0]),0.0,0.0]
[(5,[0,1,2,3,4],[2.0,0.0,1.0,1.0,0.0]),0.0,0.0]
[(5,[0,1,2,3,4],[2.0,0.0,3.0,0.0,1.0]),0.0,0.0]
[(5,[0,1,2,3,4],[2.0,0.0,2.0,0.0,0.0]),0.0,0.0]
[(5,[0,1,2,3,4],[2.0,2.0,0.0,1.0,0.0]),1.0,0.0]
[(5,[0,1,2,3,4],[2.0,0.0,2.0,1.0,1.0]),1.0,0.0]
[(5,[0,1,2,3,4],[2.0,2.0,2.0,1.0,0.0]),0.0,0.0]
[(5,[0,1,2,3,4],[2.0,2.0,2.0,0.0,1.0]),0.0,0.0]
[(5,[0,1,2,3,4],[2.0,2.0,1.0,0.0,1.0]),0.0,0.0]
[(5,[0,1,2,3,4],[2.0,0.0,3.0,1.0,0.0]),0.0,0.0]
[(5,[0,1,2,3,4],[2.0,2.0,0.0,0.0,0.0]),0.0,0.0]
[(5,[0,1,2,3,4],[2.0,2.0,3.0,1.0,1.0]),0.0,0.0]
[(5,[0,1,2,3,4],[2.0,0.0,0.0,1.0,0.0]),0.0,0.0]
[(5,[0,1,2,3,4],[2.0,0.0,3.0,0.0,0.0]),0.0,0.0]
[(5,[0,1,2,3,4],[2.0,2.0,0.0,1.0,0.0]),1.0,0.0]
[(5,[0,1,2,3,4],[2.0,0.0,1.0,0.0,1.0]),0.0,0.0]
[(5,[0,1,2,3,4],[2.0,0.0,3.0,0.0,1.0]),1.0,0.0]
[(5,[0,1,2,3,4],[2.0,0.0,1.0,1.0,0.0]),1.0,0.0]
[(5,[0,1,2,3,4],[2.0,2.0,0.0,0.0,0.0]),0.0,0.0]
[(5,[0,1,2,3,4],[2.0,2.0,1.0,1.0,1.0]),0.0,0.0]
[(5,[0,1,2,3,4],[2.0,2.0,1.0,0.0,0.0]),0.0,0.0]
[(5,[0,1,2,3,4],[2.0,2.0,0.0,0.0,1.0]),1.0,0.0]
[(5,[0,1,2,3,4],[2.0,2.0,0.0,0.0,1.0]),0.0,0.0]
[(5,[0,1,2,3,4],[2.0,0.0,0.0,0.0,0.0]),0.0,0.0]
[(5,[0,1,2,3,4],[2.0,2.0,3.0,0.0,1.0]),1.0,0.0]
[(5,[0,1,2,3,4],[2.0,2.0,0.0,0.0,0.0]),1.0,0.0]
[(5,[0,1,2,3,4],[2.0,2.0,1.0,1.0,1.0]),0.0,0.0]
[(5,[0,1,2,3,4],[2.0,2.0,3.0,1.0,0.0]),1.0,0.0]
[(5,[0,1,2,3,4],[2.0,2.0,3.0,0.0,1.0]),1.0,0.0]
[(5,[0,1,2,3,4],[2.0,0.0,1.0,0.0,1.0]),1.0,0.0]
[(5,[0,1,2,3,4],[2.0,2.0,0.0,1.0,1.0]),0.0,0.0]
[(5,[0,1,2,3,4],[2.0,0.0,2.0,1.0,1.0]),0.0,0.0]
[(5,[0,1,2,3,4],[2.0,2.0,2.0,1.0,1.0]),0.0,0.0]
[(5,[0,1,2,3,4],[2.0,0.0,3.0,1.0,1.0]),0.0,0.0]
[(5,[0,1,2,3,4],[2.0,2.0,2.0,1.0,1.0]),0.0,0.0]
[(5,[0,1,2,3,4],[2.0,0.0,3.0,1.0,0.0]),0.0,0.0]
[(5,[0,1,2,3,4],[2.0,0.0,3.0,1.0,1.0]),1.0,0.0]
[(5,[0,1,2,3,4],[2.0,2.0,3.0,0.0,0.0]),1.0,0.0]
[(5,[0,1,2,3,4],[2.0,0.0,3.0,0.0,1.0]),1.0,0.0]
[(5,[0,1,2,3,4],[2.0,0.0,1.0,0.0,1.0]),0.0,0.0]
[(5,[0,1,2,3,4],[2.0,2.0,2.0,0.0,1.0]),1.0,0.0]
[(5,[0,1,2,3,4],[2.0,2.0,1.0,1.0,0.0]),0.0,0.0]
[(5,[0,1,2,3,4],[2.0,0.0,0.0,1.0,1.0]),1.0,0.0]
[(5,[0,1,2,3,4],[2.0,0.0,1.0,1.0,0.0]),1.0,0.0]
[(5,[0,1,2,3,4],[2.0,0.0,3.0,0.0,0.0]),1.0,0.0]
[(5,[0,1,2,3,4],[2.0,0.0,2.0,1.0,1.0]),0.0,0.0]
[(5,[0,1,2,3,4],[2.0,0.0,2.0,1.0,0.0]),0.0,0.0]
[(5,[0,1,2,3,4],[2.0,0.0,3.0,0.0,0.0]),0.0,0.0]
[(5,[0,1,2,3,4],[2.0,2.0,2.0,0.0,0.0]),0.0,0.0]
[(5,[0,1,2,3,4],[2.0,0.0,3.0,0.0,0.0]),1.0,0.0]
[(5,[0,1,2,3,4],[2.0,2.0,1.0,1.0,0.0]),1.0,0.0]
[(5,[0,1,2,3,4],[2.0,2.0,1.0,0.0,0.0]),1.0,0.0]
[(5,[0,1,2,3,4],[2.0,2.0,2.0,0.0,1.0]),0.0,0.0]
[(5,[0,1,2,3,4],[2.0,2.0,1.0,0.0,1.0]),0.0,0.0]
[(5,[0,1,2,3,4],[2.0,0.0,3.0,0.0,0.0]),0.0,0.0]
[(5,[0,1,2,3,4],[2.0,2.0,2.0,1.0,1.0]),1.0,0.0]
[(5,[0,1,2,3,4],[2.0,2.0,1.0,0.0,1.0]),0.0,0.0]
[(5,[0,1,2,3,4],[2.0,0.0,3.0,1.0,0.0]),1.0,0.0]
[(5,[0,1,2,3,4],[2.0,2.0,0.0,1.0,1.0]),0.0,0.0]
[(5,[0,1,2,3,4],[2.0,0.0,2.0,0.0,0.0]),1.0,0.0]
[(5,[0,1,2,3,4],[2.0,2.0,3.0,0.0,0.0]),0.0,0.0]
[(5,[0,1,2,3,4],[2.0,2.0,1.0,1.0,0.0]),0.0,0.0]
[(5,[0,1,2,3,4],[2.0,2.0,0.0,0.0,1.0]),0.0,0.0]
[(5,[0,1,2,3,4],[2.0,2.0,2.0,1.0,0.0]),0.0,0.0]
[(5,[0,1,2,3,4],[2.0,2.0,0.0,1.0,0.0]),0.0,0.0]
[(5,[0,1,2,3,4],[2.0,2.0,2.0,0.0,0.0]),0.0,0.0]
[(5,[0,1,2,3,4],[2.0,2.0,1.0,0.0,1.0]),0.0,0.0]
[(5,[0,1,2,3,4],[2.0,2.0,1.0,1.0,1.0]),1.0,0.0]
[(5,[0,1,2,3,4],[2.0,0.0,3.0,0.0,1.0]),1.0,0.0]
[(5,[0,1,2,3,4],[2.0,2.0,1.0,0.0,0.0]),0.0,0.0]
[(5,[0,1,2,3,4],[2.0,2.0,3.0,1.0,1.0]),0.0,0.0]
[(5,[0,1,2,3,4],[2.0,0.0,1.0,1.0,0.0]),0.0,0.0]
[(5,[0,1,2,3,4],[2.0,0.0,2.0,0.0,1.0]),1.0,0.0]
[(5,[0,1,2,3,4],[2.0,0.0,1.0,1.0,0.0]),0.0,0.0]
[(5,[0,1,2,3,4],[2.0,0.0,0.0,1.0,0.0]),1.0,0.0]
[(5,[0,1,2,3,4],[2.0,2.0,3.0,0.0,1.0]),1.0,0.0]
[(5,[0,1,2,3,4],[2.0,2.0,1.0,1.0,0.0]),0.0,0.0]
[(5,[0,1,2,3,4],[2.0,0.0,3.0,0.0,1.0]),0.0,0.0]
[(5,[0,1,2,3,4],[2.0,2.0,0.0,0.0,1.0]),0.0,0.0]
[(5,[0,1,2,3,4],[2.0,2.0,3.0,0.0,0.0]),1.0,0.0]
[(5,[0,1,2,3,4],[2.0,2.0,2.0,0.0,0.0]),1.0,0.0]
[(5,[0,1,2,3,4],[2.0,0.0,2.0,0.0,0.0]),1.0,0.0]
[(5,[0,1,2,3,4],[2.0,0.0,3.0,0.0,0.0]),1.0,0.0]
[(5,[0,1,2,3,4],[2.0,2.0,0.0,0.0,0.0]),1.0,0.0]
[(5,[0,1,2,3,4],[2.0,2.0,2.0,0.0,0.0]),0.0,0.0]
[(5,[0,1,2,3,4],[2.0,2.0,3.0,0.0,0.0]),0.0,0.0]
[(5,[0,1,2,3,4],[2.0,0.0,2.0,0.0,1.0]),0.0,0.0]
[(5,[0,1,2,3,4],[2.0,2.0,1.0,0.0,1.0]),0.0,0.0]
[(5,[0,1,2,3,4],[2.0,2.0,0.0,0.0,1.0]),0.0,0.0]
[(5,[0,1,2,3,4],[2.0,0.0,0.0,1.0,1.0]),0.0,0.0]
[(5,[0,1,2,3,4],[2.0,0.0,3.0,0.0,1.0]),0.0,0.0]
[(5,[0,1,2,3,4],[2.0,0.0,1.0,0.0,0.0]),0.0,0.0]
[(5,[0,1,2,3,4],[2.0,2.0,2.0,0.0,0.0]),0.0,0.0]
[(5,[0,1,2,3,4],[2.0,0.0,3.0,1.0,0.0]),0.0,0.0]
[(5,[0,1,2,3,4],[2.0,2.0,2.0,1.0,0.0]),1.0,0.0]
[(5,[0,1,2,3,4],[2.0,0.0,2.0,0.0,1.0]),1.0,0.0]
[(5,[0,1,2,3,4],[2.0,2.0,1.0,0.0,0.0]),0.0,0.0]
[(5,[0,1,2,3,4],[2.0,2.0,1.0,1.0,1.0]),0.0,0.0]
[(5,[0,1,2,3,4],[2.0,0.0,3.0,0.0,0.0]),1.0,0.0]
[(5,[0,1,2,3,4],[2.0,2.0,2.0,0.0,0.0]),0.0,0.0]
[(5,[0,1,2,3,4],[2.0,2.0,0.0,0.0,0.0]),0.0,0.0]
[(5,[0,1,2,3,4],[2.0,0.0,2.0,0.0,0.0]),0.0,0.0]
[(5,[0,1,2,3,4],[2.0,2.0,2.0,1.0,0.0]),1.0,0.0]
[(5,[0,1,2,3,4],[2.0,2.0,1.0,0.0,0.0]),1.0,0.0]
[(5,[0,1,2,3,4],[2.0,0.0,2.0,0.0,0.0]),0.0,0.0]
[(5,[0,1,2,3,4],[2.0,0.0,1.0,0.0,0.0]),1.0,0.0]
[(5,[0,1,2,3,4],[2.0,0.0,0.0,0.0,0.0]),1.0,0.0]
[(5,[0,1,2,3,4],[2.0,0.0,1.0,1.0,0.0]),1.0,0.0]
[(5,[0,1,2,3,4],[2.0,0.0,3.0,1.0,1.0]),1.0,0.0]
[(5,[0,1,2,3,4],[2.0,2.0,3.0,0.0,1.0]),0.0,0.0]
[(5,[0,1,2,3,4],[2.0,0.0,0.0,0.0,1.0]),0.0,0.0]
[(5,[0,1,2,3,4],[2.0,0.0,0.0,0.0,0.0]),1.0,0.0]
[(5,[0,1,2,3,4],[2.0,0.0,1.0,0.0,0.0]),1.0,0.0]
[(5,[0,1,2,3,4],[2.0,2.0,2.0,1.0,1.0]),0.0,0.0]
[(5,[0,1,2,3,4],[2.0,2.0,1.0,0.0,0.0]),0.0,0.0]
[(5,[0,1,2,3,4],[2.0,2.0,2.0,0.0,1.0]),0.0,0.0]
[(5,[0,1,2,3,4],[2.0,2.0,0.0,1.0,1.0]),0.0,0.0]
[(5,[0,1,2,3,4],[2.0,0.0,1.0,0.0,1.0]),1.0,0.0]
[(5,[0,1,2,3,4],[2.0,2.0,0.0,0.0,1.0]),0.0,0.0]
[(5,[0,1,2,3,4],[2.0,2.0,2.0,1.0,0.0]),0.0,0.0]
[(5,[0,1,2,3,4],[2.0,2.0,2.0,0.0,0.0]),0.0,0.0]
[(5,[0,1,2,3,4],[2.0,2.0,0.0,0.0,0.0]),0.0,0.0]
[(5,[0,1,2,3,4],[2.0,0.0,0.0,0.0,0.0]),0.0,0.0]
[(5,[0,1,2,3,4],[2.0,0.0,2.0,0.0,1.0]),1.0,0.0]
[(5,[0,1,2,3,4],[2.0,0.0,3.0,0.0,0.0]),0.0,0.0]
[(5,[0,1,2,3,4],[2.0,0.0,0.0,1.0,1.0]),1.0,0.0]
[(5,[0,1,2,3,4],[2.0,0.0,3.0,1.0,0.0]),1.0,0.0]
[(5,[0,1,2,3,4],[2.0,2.0,2.0,0.0,0.0]),0.0,0.0]
[(5,[0,1,2,3,4],[2.0,0.0,2.0,1.0,1.0]),0.0,0.0]
[(5,[0,1,2,3,4],[2.0,2.0,0.0,1.0,0.0]),0.0,0.0]
[(5,[0,1,2,3,4],[2.0,2.0,2.0,1.0,0.0]),0.0,0.0]
[(5,[0,1,2,3,4],[2.0,2.0,3.0,0.0,0.0]),1.0,0.0]
[(5,[0,1,2,3,4],[2.0,0.0,1.0,1.0,0.0]),1.0,0.0]
[(5,[0,1,2,3,4],[2.0,0.0,3.0,0.0,1.0]),0.0,0.0]
[(5,[0,1,2,3,4],[2.0,0.0,3.0,0.0,1.0]),0.0,0.0]
[(5,[0,1,2,3,4],[2.0,0.0,2.0,0.0,1.0]),0.0,0.0]
[(5,[0,1,2,3,4],[2.0,0.0,3.0,1.0,1.0]),0.0,0.0]
[(5,[0,1,2,3,4],[2.0,0.0,0.0,0.0,0.0]),1.0,0.0]
[(5,[0,1,2,3,4],[2.0,0.0,1.0,1.0,1.0]),0.0,0.0]
[(5,[0,1,2,3,4],[2.0,0.0,0.0,1.0,0.0]),1.0,0.0]
[(5,[0,1,2,3,4],[2.0,2.0,1.0,0.0,1.0]),1.0,0.0]
[(5,[0,1,2,3,4],[2.0,2.0,2.0,1.0,1.0]),0.0,0.0]
[(5,[0,1,2,3,4],[2.0,2.0,2.0,0.0,0.0]),1.0,0.0]
[(5,[0,1,2,3,4],[2.0,2.0,0.0,1.0,1.0]),0.0,0.0]
[(5,[0,1,2,3,4],[2.0,2.0,3.0,0.0,0.0]),0.0,0.0]
[(5,[0,1,2,3,4],[2.0,2.0,1.0,1.0,0.0]),0.0,0.0]
[(5,[0,1,2,3,4],[2.0,0.0,1.0,1.0,1.0]),1.0,0.0]
[(5,[0,1,2,3,4],[2.0,0.0,1.0,0.0,0.0]),0.0,0.0]
[(5,[0,1,2,3,4],[2.0,0.0,3.0,1.0,0.0]),0.0,0.0]
[(5,[0,1,2,3,4],[2.0,2.0,3.0,0.0,1.0]),0.0,0.0]
[(5,[0,1,2,3,4],[2.0,0.0,2.0,0.0,1.0]),1.0,0.0]
[(5,[0,1,2,3,4],[2.0,2.0,2.0,1.0,1.0]),1.0,0.0]
[(5,[0,1,2,3,4],[2.0,0.0,1.0,0.0,1.0]),0.0,0.0]
[(5,[0,1,2,3,4],[2.0,0.0,0.0,0.0,0.0]),1.0,0.0]
[(5,[0,1,2,3,4],[2.0,2.0,0.0,1.0,1.0]),1.0,0.0]
[(5,[0,1,2,3,4],[2.0,2.0,2.0,0.0,1.0]),0.0,0.0]
[(5,[0,1,2,3,4],[2.0,0.0,3.0,0.0,0.0]),1.0,0.0]
[(5,[0,1,2,3,4],[2.0,0.0,3.0,0.0,0.0]),1.0,0.0]
[(5,[0,1,2,3,4],[2.0,0.0,2.0,1.0,0.0]),1.0,0.0]
[(5,[0,1,2,3,4],[2.0,0.0,2.0,0.0,0.0]),1.0,0.0]
[(5,[0,1,2,3,4],[2.0,2.0,3.0,0.0,1.0]),0.0,0.0]
[(5,[0,1,2,3,4],[2.0,2.0,1.0,1.0,1.0]),0.0,0.0]
[(5,[0,1,2,3,4],[2.0,0.0,3.0,0.0,0.0]),0.0,0.0]
[(5,[0,1,2,3,4],[2.0,2.0,1.0,1.0,1.0]),1.0,0.0]
[(5,[0,1,2,3,4],[2.0,2.0,1.0,0.0,1.0]),1.0,0.0]
[(5,[0,1,2,3,4],[2.0,0.0,3.0,1.0,1.0]),0.0,0.0]
[(5,[0,1,2,3,4],[2.0,2.0,2.0,1.0,0.0]),0.0,0.0]
[(5,[0,1,2,3,4],[2.0,2.0,1.0,1.0,0.0]),1.0,0.0]
[(5,[0,1,2,3,4],[2.0,2.0,0.0,0.0,0.0]),0.0,0.0]
[(5,[0,1,2,3,4],[2.0,2.0,1.0,0.0,1.0]),1.0,0.0]
[(5,[0,1,2,3,4],[2.0,2.0,0.0,0.0,0.0]),0.0,0.0]
[(5,[0,1,2,3,4],[2.0,2.0,1.0,0.0,1.0]),1.0,0.0]
[(5,[0,1,2,3,4],[2.0,2.0,0.0,1.0,0.0]),1.0,0.0]
[(5,[0,1,2,3,4],[2.0,2.0,0.0,0.0,0.0]),1.0,0.0]
[(5,[0,1,2,3,4],[2.0,2.0,0.0,0.0,1.0]),0.0,0.0]
[(5,[0,1,2,3,4],[2.0,2.0,3.0,1.0,1.0]),0.0,0.0]
[(5,[0,1,2,3,4],[2.0,0.0,0.0,1.0,1.0]),1.0,0.0]
[(5,[0,1,2,3,4],[2.0,2.0,0.0,0.0,0.0]),0.0,0.0]
[(5,[0,1,2,3,4],[2.0,2.0,2.0,0.0,1.0]),1.0,0.0]
[(5,[0,1,2,3,4],[2.0,2.0,0.0,0.0,1.0]),0.0,0.0]
[(5,[0,1,2,3,4],[2.0,0.0,0.0,0.0,0.0]),1.0,0.0]
[(5,[0,1,2,3,4],[2.0,0.0,3.0,0.0,0.0]),0.0,0.0]
[(5,[0,1,2,3,4],[2.0,0.0,0.0,1.0,1.0]),1.0,0.0]
[(5,[0,1,2,3,4],[2.0,2.0,2.0,0.0,1.0]),0.0,0.0]
[(5,[0,1,2,3,4],[2.0,0.0,1.0,0.0,1.0]),1.0,0.0]
[(5,[0,1,2,3,4],[2.0,0.0,3.0,0.0,1.0]),0.0,0.0]
[(5,[0,1,2,3,4],[2.0,0.0,0.0,0.0,0.0]),1.0,0.0]
[(5,[0,1,2,3,4],[2.0,0.0,3.0,0.0,0.0]),0.0,0.0]
[(5,[0,1,2,3,4],[2.0,2.0,3.0,1.0,0.0]),1.0,0.0]
[(5,[0,1,2,3,4],[2.0,2.0,3.0,1.0,1.0]),1.0,0.0]
[(5,[0,1,2,3,4],[2.0,0.0,2.0,1.0,1.0]),1.0,0.0]
[(5,[0,1,2,3,4],[2.0,0.0,0.0,1.0,0.0]),1.0,0.0]
[(5,[0,1,2,3,4],[2.0,2.0,0.0,0.0,1.0]),1.0,0.0]
[(5,[0,1,2,3,4],[2.0,0.0,0.0,0.0,0.0]),0.0,0.0]
[(5,[0,1,2,3,4],[2.0,0.0,3.0,0.0,1.0]),0.0,0.0]
[(5,[0,1,2,3,4],[2.0,2.0,0.0,0.0,0.0]),0.0,0.0]
[(5,[0,1,2,3,4],[2.0,0.0,2.0,0.0,1.0]),1.0,0.0]
[(5,[0,1,2,3,4],[2.0,2.0,2.0,0.0,0.0]),0.0,0.0]
[(5,[0,1,2,3,4],[2.0,2.0,1.0,1.0,0.0]),1.0,0.0]
[(5,[0,1,2,3,4],[2.0,0.0,3.0,1.0,1.0]),0.0,0.0]
[(5,[0,1,2,3,4],[2.0,0.0,3.0,1.0,1.0]),0.0,0.0]
[(5,[0,1,2,3,4],[2.0,0.0,0.0,0.0,1.0]),1.0,0.0]
[(5,[0,1,2,3,4],[2.0,0.0,0.0,1.0,1.0]),0.0,0.0]
[(5,[0,1,2,3,4],[2.0,0.0,3.0,0.0,0.0]),1.0,0.0]
[(5,[0,1,2,3,4],[2.0,2.0,3.0,1.0,1.0]),1.0,0.0]
[(5,[0,1,2,3,4],[2.0,0.0,0.0,0.0,0.0]),1.0,0.0]
[(5,[0,1,2,3,4],[2.0,0.0,0.0,0.0,1.0]),1.0,0.0]
[(5,[0,1,2,3,4],[2.0,0.0,3.0,1.0,0.0]),1.0,0.0]
[(5,[0,1,2,3,4],[2.0,2.0,3.0,0.0,0.0]),0.0,0.0]
[(5,[0,1,2,3,4],[2.0,0.0,1.0,0.0,1.0]),0.0,0.0]
[(5,[0,1,2,3,4],[2.0,0.0,3.0,0.0,0.0]),0.0,0.0]
[(5,[0,1,2,3,4],[2.0,0.0,0.0,1.0,0.0]),0.0,0.0]
[(5,[0,1,2,3,4],[2.0,2.0,0.0,0.0,0.0]),0.0,0.0]
[(5,[0,1,2,3,4],[2.0,2.0,3.0,0.0,0.0]),0.0,0.0]
[(5,[0,1,2,3,4],[2.0,2.0,1.0,0.0,1.0]),1.0,0.0]
[(5,[0,1,2,3,4],[2.0,0.0,0.0,0.0,0.0]),1.0,0.0]
[(5,[0,1,2,3,4],[2.0,0.0,1.0,0.0,0.0]),0.0,0.0]
[(5,[0,1,2,3,4],[2.0,2.0,3.0,1.0,1.0]),1.0,0.0]
[(5,[0,1,2,3,4],[2.0,2.0,0.0,1.0,1.0]),0.0,0.0]
[(5,[0,1,2,3,4],[2.0,2.0,2.0,0.0,0.0]),0.0,0.0]
[(5,[0,1,2,3,4],[2.0,0.0,3.0,0.0,1.0]),0.0,0.0]
[(5,[0,1,2,3,4],[2.0,0.0,0.0,0.0,0.0]),1.0,0.0]
[(5,[0,1,2,3,4],[2.0,0.0,0.0,1.0,1.0]),0.0,0.0]
[(5,[0,1,2,3,4],[2.0,0.0,3.0,0.0,1.0]),0.0,0.0]
[(5,[0,1,2,3,4],[2.0,2.0,0.0,0.0,1.0]),0.0,0.0]
[(5,[0,1,2,3,4],[2.0,2.0,1.0,0.0,0.0]),1.0,0.0]
[(5,[0,1,2,3,4],[2.0,2.0,3.0,1.0,0.0]),0.0,0.0]
[(5,[0,1,2,3,4],[2.0,2.0,3.0,0.0,1.0]),0.0,0.0]
[(5,[0,1,2,3,4],[2.0,0.0,2.0,1.0,0.0]),0.0,0.0]
[(5,[0,1,2,3,4],[2.0,0.0,1.0,1.0,0.0]),0.0,0.0]
[(5,[0,1,2,3,4],[2.0,2.0,3.0,0.0,0.0]),1.0,0.0]
[(5,[0,1,2,3,4],[2.0,0.0,2.0,0.0,1.0]),0.0,0.0]
[(5,[0,1,2,3,4],[2.0,2.0,2.0,0.0,0.0]),1.0,0.0]
[(5,[0,1,2,3,4],[2.0,2.0,0.0,0.0,0.0]),0.0,0.0]
[(5,[0,1,2,3,4],[2.0,0.0,0.0,0.0,0.0]),0.0,0.0]
[(5,[0,1,2,3,4],[2.0,2.0,0.0,0.0,1.0]),0.0,0.0]
[(5,[0,1,2,3,4],[2.0,2.0,2.0,0.0,1.0]),0.0,0.0]
[(5,[0,1,2,3,4],[2.0,2.0,2.0,0.0,1.0]),1.0,0.0]
[(5,[0,1,2,3,4],[2.0,0.0,0.0,0.0,1.0]),0.0,0.0]
[(5,[0,1,2,3,4],[2.0,0.0,2.0,0.0,1.0]),1.0,0.0]
[(5,[0,1,2,3,4],[2.0,2.0,2.0,1.0,1.0]),0.0,0.0]
[(5,[0,1,2,3,4],[2.0,0.0,2.0,0.0,0.0]),0.0,0.0]
[(5,[0,1,2,3,4],[2.0,2.0,2.0,0.0,1.0]),0.0,0.0]
[(5,[0,1,2,3,4],[2.0,0.0,0.0,0.0,1.0]),0.0,0.0]
[(5,[0,1,2,3,4],[2.0,2.0,0.0,0.0,0.0]),0.0,0.0]
[(5,[0,1,2,3,4],[2.0,2.0,2.0,0.0,1.0]),0.0,0.0]
[(5,[0,1,2,3,4],[2.0,0.0,1.0,1.0,0.0]),1.0,0.0]
[(5,[0,1,2,3,4],[2.0,0.0,1.0,0.0,1.0]),0.0,0.0]
[(5,[0,1,2,3,4],[2.0,0.0,2.0,1.0,1.0]),0.0,0.0]
[(5,[0,1,2,3,4],[2.0,2.0,1.0,0.0,1.0]),1.0,0.0]
[(5,[0,1,2,3,4],[2.0,2.0,1.0,0.0,1.0]),0.0,0.0]
[(5,[0,1,2,3,4],[2.0,2.0,0.0,1.0,1.0]),0.0,0.0]
[(5,[0,1,2,3,4],[2.0,2.0,1.0,0.0,1.0]),1.0,0.0]
[(5,[0,1,2,3,4],[2.0,0.0,0.0,0.0,1.0]),0.0,0.0]
[(5,[0,1,2,3,4],[2.0,0.0,1.0,1.0,1.0]),0.0,0.0]
[(5,[0,1,2,3,4],[2.0,0.0,2.0,0.0,1.0]),1.0,0.0]
[(5,[0,1,2,3,4],[2.0,0.0,3.0,0.0,0.0]),1.0,0.0]
[(5,[0,1,2,3,4],[2.0,2.0,1.0,1.0,0.0]),0.0,0.0]
[(5,[0,1,2,3,4],[2.0,0.0,0.0,1.0,1.0]),1.0,0.0]
[(5,[0,1,2,3,4],[2.0,2.0,0.0,1.0,1.0]),1.0,0.0]
[(5,[0,1,2,3,4],[2.0,2.0,3.0,1.0,1.0]),0.0,0.0]
[(5,[0,1,2,3,4],[2.0,0.0,1.0,1.0,0.0]),0.0,0.0]
[(5,[0,1,2,3,4],[2.0,0.0,0.0,0.0,1.0]),0.0,0.0]
[(5,[0,1,2,3,4],[2.0,2.0,1.0,0.0,0.0]),0.0,0.0]
[(5,[0,1,2,3,4],[2.0,2.0,0.0,1.0,1.0]),1.0,0.0]
[(5,[0,1,2,3,4],[2.0,0.0,2.0,1.0,0.0]),1.0,0.0]
[(5,[0,1,2,3,4],[2.0,0.0,1.0,0.0,1.0]),1.0,0.0]
[(5,[0,1,2,3,4],[2.0,2.0,0.0,1.0,1.0]),1.0,0.0]
[(5,[0,1,2,3,4],[2.0,2.0,1.0,0.0,1.0]),0.0,0.0]
[(5,[0,1,2,3,4],[2.0,2.0,3.0,0.0,0.0]),1.0,0.0]
[(5,[0,1,2,3,4],[2.0,0.0,2.0,0.0,0.0]),0.0,0.0]
[(5,[0,1,2,3,4],[2.0,2.0,0.0,1.0,0.0]),1.0,0.0]
[(5,[0,1,2,3,4],[2.0,2.0,1.0,1.0,0.0]),0.0,0.0]
[(5,[0,1,2,3,4],[2.0,0.0,0.0,0.0,0.0]),0.0,0.0]
[(5,[0,1,2,3,4],[2.0,0.0,2.0,0.0,1.0]),0.0,0.0]
[(5,[0,1,2,3,4],[2.0,0.0,0.0,0.0,1.0]),0.0,0.0]
[(5,[0,1,2,3,4],[2.0,0.0,2.0,0.0,1.0]),0.0,0.0]
[(5,[0,1,2,3,4],[2.0,2.0,0.0,1.0,0.0]),1.0,0.0]
[(5,[0,1,2,3,4],[2.0,2.0,0.0,0.0,0.0]),1.0,0.0]
[(5,[0,1,2,3,4],[2.0,2.0,0.0,1.0,1.0]),0.0,0.0]
[(5,[0,1,2,3,4],[2.0,2.0,2.0,0.0,1.0]),0.0,0.0]
[(5,[0,1,2,3,4],[2.0,2.0,1.0,0.0,1.0]),0.0,0.0]
[(5,[0,1,2,3,4],[2.0,0.0,2.0,1.0,1.0]),0.0,0.0]
[(5,[0,1,2,3,4],[2.0,0.0,0.0,0.0,1.0]),1.0,0.0]
[(5,[0,1,2,3,4],[2.0,2.0,2.0,1.0,1.0]),0.0,0.0]
[(5,[0,1,2,3,4],[2.0,0.0,0.0,0.0,0.0]),1.0,0.0]
[(5,[0,1,2,3,4],[2.0,2.0,3.0,1.0,0.0]),0.0,0.0]
[(5,[0,1,2,3,4],[2.0,0.0,2.0,0.0,1.0]),1.0,0.0]
[(5,[0,1,2,3,4],[2.0,0.0,2.0,1.0,1.0]),1.0,0.0]
[(5,[0,1,2,3,4],[2.0,0.0,3.0,0.0,1.0]),0.0,0.0]
[(5,[0,1,2,3,4],[2.0,2.0,3.0,0.0,1.0]),0.0,0.0]
[(5,[0,1,2,3,4],[2.0,2.0,3.0,0.0,0.0]),1.0,0.0]
[(5,[0,1,2,3,4],[2.0,0.0,1.0,1.0,0.0]),1.0,0.0]
[(5,[0,1,2,3,4],[2.0,2.0,0.0,1.0,0.0]),0.0,0.0]
[(5,[0,1,2,3,4],[2.0,2.0,3.0,1.0,0.0]),0.0,0.0]
[(5,[0,1,2,3,4],[2.0,0.0,2.0,0.0,0.0]),0.0,0.0]
[(5,[0,1,2,3,4],[2.0,0.0,0.0,0.0,1.0]),1.0,0.0]
[(5,[0,1,2,3,4],[2.0,0.0,1.0,0.0,1.0]),0.0,0.0]
[(5,[0,1,2,3,4],[2.0,0.0,2.0,0.0,1.0]),0.0,0.0]
[(5,[0,1,2,3,4],[2.0,0.0,3.0,0.0,1.0]),0.0,0.0]
[(5,[0,1,2,3,4],[2.0,2.0,3.0,1.0,0.0]),1.0,0.0]
[(5,[0,1,2,3,4],[2.0,2.0,0.0,0.0,0.0]),1.0,0.0]
[(5,[0,1,2,3,4],[2.0,2.0,0.0,0.0,0.0]),0.0,0.0]
[(5,[0,1,2,3,4],[2.0,0.0,2.0,0.0,0.0]),1.0,0.0]
[(5,[0,1,2,3,4],[2.0,2.0,0.0,0.0,0.0]),1.0,0.0]
[(5,[0,1,2,3,4],[2.0,0.0,0.0,0.0,1.0]),0.0,0.0]
[(5,[0,1,2,3,4],[2.0,2.0,2.0,0.0,1.0]),0.0,0.0]
[(5,[0,1,2,3,4],[2.0,2.0,3.0,0.0,1.0]),0.0,0.0]
[(5,[0,1,2,3,4],[2.0,0.0,0.0,0.0,0.0]),0.0,0.0]
[(5,[0,1,2,3,4],[2.0,0.0,0.0,1.0,1.0]),1.0,0.0]
[(5,[0,1,2,3,4],[2.0,0.0,3.0,0.0,1.0]),0.0,0.0]
[(5,[0,1,2,3,4],[2.0,0.0,2.0,1.0,0.0]),1.0,0.0]
[(5,[0,1,2,3,4],[2.0,0.0,0.0,0.0,1.0]),1.0,0.0]
[(5,[0,1,2,3,4],[2.0,2.0,1.0,1.0,0.0]),1.0,0.0]
[(5,[0,1,2,3,4],[2.0,2.0,3.0,1.0,1.0]),0.0,0.0]
[(5,[0,1,2,3,4],[2.0,2.0,1.0,0.0,1.0]),0.0,0.0]
[(5,[0,1,2,3,4],[2.0,2.0,3.0,0.0,0.0]),1.0,0.0]
[(5,[0,1,2,3,4],[2.0,2.0,0.0,0.0,1.0]),1.0,0.0]
[(5,[0,1,2,3,4],[2.0,0.0,2.0,0.0,1.0]),0.0,0.0]
[(5,[0,1,2,3,4],[2.0,2.0,3.0,0.0,1.0]),1.0,0.0]
[(5,[0,1,2,3,4],[2.0,2.0,0.0,1.0,0.0]),1.0,0.0]
[(5,[0,1,2,3,4],[2.0,0.0,0.0,1.0,1.0]),0.0,0.0]
[(5,[0,1,2,3,4],[2.0,2.0,1.0,1.0,1.0]),0.0,0.0]
[(5,[0,1,2,3,4],[2.0,0.0,0.0,0.0,0.0]),0.0,0.0]
[(5,[0,1,2,3,4],[2.0,0.0,0.0,0.0,0.0]),0.0,0.0]
[(5,[0,1,2,3,4],[2.0,2.0,0.0,0.0,0.0]),1.0,0.0]
[(5,[0,1,2,3,4],[2.0,2.0,1.0,0.0,0.0]),0.0,0.0]
[(5,[0,1,2,3,4],[2.0,0.0,3.0,0.0,0.0]),0.0,0.0]
[(5,[0,1,2,3,4],[2.0,2.0,0.0,1.0,0.0]),0.0,0.0]
[(5,[0,1,2,3,4],[2.0,0.0,0.0,0.0,0.0]),1.0,0.0]
[(5,[0,1,2,3,4],[2.0,2.0,3.0,0.0,1.0]),0.0,0.0]
[(5,[0,1,2,3,4],[2.0,2.0,3.0,1.0,0.0]),0.0,0.0]
[(5,[0,1,2,3,4],[2.0,0.0,1.0,1.0,1.0]),0.0,0.0]
[(5,[0,1,2,3,4],[2.0,0.0,3.0,0.0,1.0]),1.0,0.0]
[(5,[0,1,2,3,4],[2.0,0.0,2.0,1.0,0.0]),0.0,0.0]
[(5,[0,1,2,3,4],[2.0,0.0,0.0,0.0,0.0]),0.0,0.0]
[(5,[0,1,2,3,4],[2.0,0.0,0.0,0.0,1.0]),1.0,0.0]
[(5,[0,1,2,3,4],[2.0,0.0,1.0,1.0,1.0]),1.0,0.0]
[(5,[0,1,2,3,4],[2.0,0.0,2.0,0.0,1.0]),1.0,0.0]
[(5,[0,1,2,3,4],[2.0,2.0,1.0,1.0,1.0]),0.0,0.0]
[(5,[0,1,2,3,4],[2.0,2.0,3.0,0.0,0.0]),1.0,0.0]
[(5,[0,1,2,3,4],[2.0,0.0,2.0,0.0,0.0]),1.0,0.0]
[(5,[0,1,2,3,4],[2.0,2.0,3.0,0.0,1.0]),0.0,0.0]
[(5,[0,1,2,3,4],[2.0,2.0,0.0,0.0,0.0]),0.0,0.0]
[(5,[0,1,2,3,4],[2.0,0.0,0.0,1.0,1.0]),0.0,0.0]
[(5,[0,1,2,3,4],[2.0,2.0,2.0,1.0,1.0]),0.0,0.0]
[(5,[0,1,2,3,4],[2.0,0.0,2.0,1.0,0.0]),1.0,0.0]
[(5,[0,1,2,3,4],[2.0,2.0,0.0,0.0,0.0]),1.0,0.0]
[(5,[0,1,2,3,4],[2.0,0.0,2.0,0.0,0.0]),1.0,0.0]
[(5,[0,1,2,3,4],[2.0,2.0,2.0,1.0,0.0]),1.0,0.0]
[(5,[0,1,2,3,4],[2.0,2.0,2.0,1.0,0.0]),1.0,0.0]
[(5,[0,1,2,3,4],[2.0,2.0,2.0,1.0,1.0]),0.0,0.0]
************
609      0
383      0
Class 0 precision: 0.6139112710952759
************