

[(5,[0,1,2,3,4],[7.0,0.0,3.0,1.0,0.0]),1.0,0.0]
[(5,[0,1,2,3,4],[7.0,0.0,0.0,1.0,1.0]),0.0,1.0]
[(5,[0,1,2,3,4],[7.0,0.0,3.0,1.0,1.0]),0.0,0.0]
[(5,[0,1,2,3,4],[7.0,1.0,1.0,0.0,1.0]),0.0,0.0]
[(5,[0,1,2,3,4],[7.0,0.0,0.0,0.0,1.0]),0.0,1.0]
[(5,[0,1,2,3,4],[7.0,0.0,0.0,0.0,1.0]),1.0,1.0]
[(5,[0,1,2,3,4],[7.0,1.0,1.0,1.0,0.0]),1.0,0.0]
[(5,[0,1,2,3,4],[7.0,0.0,1.0,0.0,0.0]),0.0,0.0]
[(5,[0,1,2,3,4],[7.0,0.0,2.0,0.0,0.0]),0.0,0.0]
[(5,[0,1,2,3,4],[7.0,1.0,3.0,1.0,0.0]),1.0,1.0]
[(5,[0,1,2,3,4],[7.0,0.0,1.0,1.0,1.0]),0.0,0.0]
[(5,[0,1,2,3,4],[7.0,1.0,2.0,0.0,1.0]),0.0,0.0]
[(5,[0,1,2,3,4],[7.0,1.0,1.0,0.0,0.0]),1.0,0.0]
[(5,[0,1,2,3,4],[7.0,1.0,0.0,0.0,1.0]),0.0,0.0]
[(5,[0,1,2,3,4],[7.0,1.0,2.0,0.0,0.0]),1.0,0.0]
[(5,[0,1,2,3,4],[7.0,0.0,2.0,1.0,1.0]),0.0,1.0]
[(5,[0,1,2,3,4],[7.0,1.0,3.0,1.0,0.0]),0.0,1.0]
[(5,[0,1,2,3,4],[7.0,1.0,2.0,1.0,1.0]),1.0,1.0]
[(5,[0,1,2,3,4],[7.0,0.0,1.0,0.0,1.0]),1.0,0.0]
[(5,[0,1,2,3,4],[7.0,1.0,3.0,1.0,1.0]),0.0,0.0]
[(5,[0,1,2,3,4],[7.0,1.0,2.0,0.0,1.0]),1.0,0.0]
[(5,[0,1,2,3,4],[7.0,1.0,2.0,0.0,0.0]),0.0,0.0]
************
12      0
10      0
Class 0 precision: 0.5454545617103577
************