

[(5,[0,1,2,3,4],[3.0,0.0,1.0,1.0,1.0]),0.0,0.0]
[(5,[0,1,2,3,4],[3.0,0.0,1.0,0.0,0.0]),0.0,0.0]
[(5,[0,1,2,3,4],[3.0,4.0,2.0,0.0,1.0]),0.0,0.0]
[(5,[0,1,2,3,4],[3.0,0.0,1.0,1.0,1.0]),0.0,0.0]
[(5,[0,1,2,3,4],[3.0,0.0,0.0,0.0,1.0]),0.0,0.0]
[(5,[0,1,2,3,4],[3.0,4.0,3.0,1.0,1.0]),0.0,2.0]
[(5,[0,1,2,3,4],[3.0,0.0,3.0,1.0,0.0]),2.0,0.0]
[(5,[0,1,2,3,4],[3.0,0.0,2.0,1.0,0.0]),0.0,0.0]
[(5,[0,1,2,3,4],[3.0,4.0,2.0,0.0,1.0]),0.0,0.0]
[(5,[0,1,2,3,4],[3.0,0.0,1.0,1.0,1.0]),2.0,0.0]
[(5,[0,1,2,3,4],[3.0,0.0,1.0,0.0,1.0]),0.0,0.0]
[(5,[0,1,2,3,4],[3.0,0.0,1.0,1.0,1.0]),0.0,0.0]
[(5,[0,1,2,3,4],[3.0,4.0,0.0,1.0,0.0]),0.0,0.0]
[(5,[0,1,2,3,4],[3.0,4.0,3.0,0.0,0.0]),0.0,0.0]
[(5,[0,1,2,3,4],[3.0,4.0,3.0,1.0,0.0]),0.0,0.0]
[(5,[0,1,2,3,4],[3.0,4.0,3.0,1.0,0.0]),2.0,0.0]
[(5,[0,1,2,3,4],[3.0,4.0,1.0,0.0,1.0]),0.0,0.0]
[(5,[0,1,2,3,4],[3.0,0.0,0.0,0.0,1.0]),0.0,0.0]
[(5,[0,1,2,3,4],[3.0,4.0,2.0,0.0,1.0]),0.0,0.0]
[(5,[0,1,2,3,4],[3.0,0.0,1.0,1.0,1.0]),2.0,0.0]
[(5,[0,1,2,3,4],[3.0,0.0,1.0,0.0,0.0]),0.0,0.0]
[(5,[0,1,2,3,4],[3.0,0.0,2.0,1.0,1.0]),0.0,2.0]
************
16      0
6      0
Class 0 precision: 0.7272727489471436
************