

[(5,[0,1,2,3,4],[4.0,0.0,1.0,0.0,0.0]),2.0,0.0]
[(5,[0,1,2,3,4],[4.0,2.0,2.0,1.0,1.0]),2.0,0.0]
[(5,[0,1,2,3,4],[4.0,0.0,3.0,1.0,0.0]),0.0,2.0]
[(5,[0,1,2,3,4],[4.0,0.0,0.0,0.0,1.0]),2.0,2.0]
[(5,[0,1,2,3,4],[4.0,0.0,0.0,1.0,0.0]),0.0,2.0]
[(5,[0,1,2,3,4],[4.0,0.0,1.0,1.0,1.0]),3.0,2.0]
[(5,[0,1,2,3,4],[4.0,0.0,0.0,0.0,1.0]),2.0,2.0]
[(5,[0,1,2,3,4],[4.0,0.0,3.0,0.0,1.0]),2.0,0.0]
[(5,[0,1,2,3,4],[4.0,0.0,3.0,0.0,0.0]),2.0,2.0]
[(5,[0,1,2,3,4],[4.0,2.0,0.0,1.0,1.0]),2.0,2.0]
[(5,[0,1,2,3,4],[4.0,2.0,1.0,1.0,0.0]),3.0,2.0]
[(5,[0,1,2,3,4],[4.0,2.0,0.0,1.0,0.0]),2.0,1.0]
[(5,[0,1,2,3,4],[4.0,2.0,0.0,0.0,1.0]),2.0,2.0]
[(5,[0,1,2,3,4],[4.0,0.0,2.0,0.0,0.0]),2.0,2.0]
[(5,[0,1,2,3,4],[4.0,0.0,2.0,0.0,0.0]),2.0,2.0]
[(5,[0,1,2,3,4],[4.0,2.0,1.0,0.0,0.0]),3.0,2.0]
[(5,[0,1,2,3,4],[4.0,2.0,0.0,0.0,0.0]),1.0,3.0]
[(5,[0,1,2,3,4],[4.0,0.0,3.0,1.0,0.0]),3.0,2.0]
[(5,[0,1,2,3,4],[4.0,2.0,2.0,0.0,0.0]),2.0,2.0]
[(5,[0,1,2,3,4],[4.0,0.0,0.0,0.0,0.0]),1.0,2.0]
[(5,[0,1,2,3,4],[4.0,2.0,3.0,0.0,1.0]),3.0,3.0]
[(5,[0,1,2,3,4],[4.0,2.0,1.0,0.0,1.0]),0.0,2.0]
************
9      0
13      0
Class 0 precision: 0.40909090638160706
************